BJD - 2454833, Corrected Flux
1977.262449467, 1.001519634,
1977.282881731, 1.001578396,
1977.303313895, 1.001476008,
1977.364610782, 1.001529512,
1977.385043044, 1.001687691,
1977.405475305, 1.001429249,
1977.425907566, 1.001482150,
1977.446339926, 1.001419688,
1977.466772086, 1.001433699,
1977.487204445, 1.001491137,
1977.507636704, 1.001528359,
1977.528068862, 1.001680093,
1977.548501220, 1.001620298,
1977.568933477, 1.001575493,
1977.589365634, 1.001516087,
1977.609797991, 1.001576430,
1977.630230247, 1.001455053,
1977.650662402, 1.001438131,
1977.671094757, 1.001492383,
1977.691527012, 1.001538386,
1977.711959166, 1.001445310,
1977.732391519, 1.001527351,
1977.752823773, 1.001494518,
1977.773255925, 1.001496002,
1977.793688277, 1.001360616,
1977.814120529, 1.001417380,
1977.834552780, 1.001311692,
1977.854985031, 1.001407939,
1977.875417282, 1.001295107,
1977.895849531, 1.001330065,
1977.916281781, 1.001286093,
1977.936714030, 1.001297656,
1977.957146378, 1.001423685,
1977.977578526, 1.001359623,
1977.998010774, 1.001178193,
1978.018443121, 1.001349058,
1978.038875267, 1.001441336,
1978.059307514, 1.001278923,
1978.079739859, 1.001242524,
1978.100172004, 1.001326988,
1978.120604249, 1.001292795,
1978.141036593, 1.001265257,
1978.161468737, 1.001301412,
1978.181900980, 1.001315993,
1978.202333323, 1.001352198,
1978.222765465, 1.001166268,
1978.243197808, 1.001148838,
1978.263630049, 1.001285144,
1978.284062290, 1.001221652,
1978.304494531, 1.001197649,
1978.324926771, 1.001280915,
1978.345359010, 1.001188331,
1978.365791249, 1.001123904,
1978.386223488, 1.001167156,
1978.406655726, 1.001174736,
1978.427087964, 1.001138882,
1978.447520201, 1.001128427,
1978.467952438, 1.001232022,
1978.488384675, 1.001181254,
1978.508816910, 1.001159359,
1978.529249046, 1.001224921,
1978.590545749, 1.001166587,
1978.610978083, 1.000948824,
1978.651842648, 1.000903810,
1978.692707012, 1.000952687,
1978.713139343, 1.000999812,
1978.733571474, 1.001136660,
1978.754003704, 1.000937674,
1978.774436034, 1.000890616,
1978.794868264, 1.000919790,
1978.815300393, 1.000911271,
1978.835732721, 1.000944491,
1978.856164949, 1.001008490,
1978.876597077, 1.000995821,
1978.917461631, 1.000812200,
1978.937893756, 1.000779816,
1978.958326082, 1.000793143,
1978.978758308, 1.000937393,
1978.999190433, 1.000916623,
1979.019622757, 1.000976363,
1979.060487104, 1.000983567,
1979.080919427, 1.000812302,
1979.101351650, 1.000805598,
1979.121783971, 1.000942573,
1979.142216093, 1.000841504,
1979.162648314, 1.000741052,
1979.183080535, 1.000826434,
1979.203512755, 1.000742607,
1979.223944975, 1.000039141,
1979.244377194, 0.999813556,
1979.264809413, 0.999849960,
1979.285241631, 0.999697061,
1979.305673849, 0.999696228,
1979.326106067, 0.999755005,
1979.346538284, 1.000376860,
1979.366970600, 1.000737177,
1979.387402716, 1.000792656,
1979.407834932, 1.000616295,
1979.428267247, 1.000822629,
1979.448699362, 1.000730285,
1979.469131576, 1.000732878,
1979.489563890, 1.000732909,
1979.509996003, 1.000690334,
1979.530428216, 1.000834054,
1979.550860528, 1.000722583,
1979.571292640, 1.000862828,
1979.591724952, 1.001027294,
1979.612157163, 1.000716345,
1979.632589374, 1.000783063,
1979.653021584, 1.000723058,
1979.673453794, 1.000459505,
1979.693886003, 1.000772814,
1979.714318211, 1.000531005,
1979.734750420, 1.000735188,
1979.775614835, 1.000663630,
1979.796047042, 1.000638143,
1979.816479249, 1.000657245,
1979.836911555, 1.000551257,
1979.857343660, 1.000694810,
1979.877775866, 1.000665168,
1979.898208070, 1.000443644,
1979.918640274, 1.000522572,
1979.939072478, 1.000645631,
1979.959504681, 1.000514388,
1979.979936884, 1.000674236,
1980.000369087, 1.000606889,
1980.020801289, 1.000703117,
1980.041233491, 1.000533877,
1980.061665791, 1.000515231,
1980.082097892, 1.000495476,
1980.102530092, 1.000441032,
1980.122962392, 1.000595150,
1980.143394491, 1.000485906,
1980.163826690, 1.000534090,
1980.184258989, 1.000572981,
1980.204691186, 1.000517087,
1980.225123284, 1.000574159,
1980.245555581, 1.000429296,
1980.265987778, 1.000397030,
1980.286419874, 1.000672444,
1980.306852169, 1.000495959,
1980.327284365, 1.000404121,
1980.347716460, 1.000422302,
1980.368148754, 0.999862380,
1980.388580948, 0.999256894,
1980.409013041, 0.998863492,
1980.429445334, 0.998945169,
1980.449877527, 0.999014576,
1980.470309719, 0.999986944,
1980.490741910, 1.000464113,
1980.511174102, 1.000424620,
1980.531606393, 1.000514504,
1980.552038483, 1.000521236,
1980.572470673, 1.000464700,
1980.592902962, 1.000432352,
1980.613335051, 1.000397321,
1980.633767240, 1.000617794,
1980.654199528, 1.000471045,
1980.674631616, 1.000533110,
1980.695063803, 1.000285797,
1980.715496089, 1.000390094,
1980.756360361, 1.000289279,
1980.776792647, 1.000431760,
1980.797224732, 1.000293627,
1980.817656916, 1.000355678,
1980.838089200, 1.000727285,
1980.858521284, 1.000219631,
1980.878953467, 1.000220675,
1980.899385750, 1.000266050,
1980.919817832, 1.000369012,
1980.940250014, 1.000308912,
1980.960682295, 1.000303100,
1980.981114376, 1.000252962,
1981.042411016, 1.000024024,
1981.062843196, 1.000115406,
1981.083275374, 1.000298018,
1981.103707553, 1.000353187,
1981.124139731, 1.000428569,
1981.144571908, 1.000417951,
1981.165004085, 1.000326674,
1981.185436361, 1.000301216,
1981.205868437, 1.000222803,
1981.226300613, 1.000243349,
1981.246732889, 1.000199908,
1981.267164963, 1.000294492,
1981.287597137, 1.000337392,
1981.308029411, 1.000303921,
1981.328461485, 1.000404300,
1981.348893658, 1.000127838,
1981.369325930, 1.000196179,
1981.389758002, 1.000047882,
1981.410190174, 1.000188122,
1981.430622345, 1.000142753,
1981.451054516, 1.000155115,
1981.471486786, 1.000098264,
1981.594079800, 1.000338754,
1981.614511967, 1.000256376,
1981.634944034, 1.000276856,
1981.655376300, 1.000361648,
1981.675808466, 1.000357650,
1981.696240532, 1.000293496,
1981.716672797, 1.000431368,
1981.737104961, 1.000433659,
1981.757537025, 1.000222661,
1981.777969289, 1.000290520,
1981.798401453, 1.000250373,
1981.818833516, 1.000276092,
1981.839265778, 1.000351021,
1981.859697940, 1.000321478,
1981.880130102, 1.000234006,
1981.900562263, 1.000296398,
1981.920994423, 1.000395365,
1981.941426684, 1.000363045,
1981.961858744, 1.000169811,
1981.982290903, 1.000448573,
1982.002723162, 1.000317238,
1982.023155321, 1.000311232,
1982.043587378, 1.000426173,
1982.064019636, 1.000365564,
1982.084451794, 1.000324575,
1982.104883851, 1.000218378,
1982.125316107, 1.000377654,
1982.145748163, 1.000326565,
1982.166180318, 1.000340649,
1982.186612573, 1.000324389,
1982.207044628, 1.000349380,
1982.227476782, 1.000412849,
1982.247909036, 1.000266265,
1982.268341089, 1.000291266,
1982.288773242, 1.000296300,
1982.309205495, 1.000480463,
1982.329637546, 1.000372733,
1982.350069698, 1.000332150,
1982.370501950, 1.000370349,
1982.390934100, 1.000232437,
1982.411366250, 1.000336408,
1982.431798400, 1.000258848,
1982.452230550, 1.000402084,
1982.493094847, 1.000541041,
1982.513526995, 1.000473565,
1982.533959243, 1.000369707,
1982.554391291, 1.000367572,
1982.574823437, 1.000347513,
1982.595255684, 1.000334440,
1982.615687730, 1.000321884,
1982.636119875, 1.000472278,
1982.656552121, 1.000451422,
1982.676984165, 1.000391541,
1982.697416309, 1.000216137,
1982.717848553, 1.000376521,
1982.738280597, 1.000333918,
1982.758712740, 1.000385893,
1982.779144982, 1.000322133,
1982.799577025, 1.000248691,
1982.820009166, 1.000465777,
1982.840441407, 1.000488809,
1982.860873548, 1.000469372,
1982.881305688, 1.000452359,
1982.901737829, 1.000347451,
1982.922169868, 1.000290467,
1982.942602107, 1.000447144,
1982.983466285, 1.000061637,
1983.003898522, 1.000213470,
1983.024330660, 1.000140886,
1983.044762697, 1.000199287,
1983.065194933, 1.000315967,
1983.085627069, 1.000335029,
1983.106059105, 1.000274700,
1983.126491340, 1.000349868,
1983.146923475, 1.000209627,
1983.167355510, 1.000166827,
1983.187787744, 1.000317351,
1983.208219877, 1.000249931,
1983.228652010, 1.000354803,
1983.249084143, 1.000525074,
1983.269516275, 1.000187066,
1983.289948407, 1.000261333,
1983.310380539, 1.000745943,
1983.330812670, 1.000160823,
1983.351244901, 1.000103485,
1983.371677031, 0.999994571,
1983.392109060, 1.000155280,
1983.412541290, 1.000002154,
1983.432973419, 1.000230256,
1983.473837675, 1.000263236,
1983.494269803, 1.000628768,
1983.514701830, 1.000205675,
1983.535134057, 1.000237868,
1983.555566183, 1.000535020,
1983.575998210, 1.000292266,
1983.596430435, 1.000387603,
1983.616862560, 1.000450594,
1983.637294585, 1.000436932,
1983.657726809, 1.000436409,
1983.678158833, 1.000266820,
1983.698591056, 1.000322886,
1983.719023179, 1.000100976,
1983.739455202, 1.000405131,
1983.759887324, 1.000293596,
1983.780319546, 1.000239822,
1983.800751667, 1.000439328,
1983.821183788, 1.000447004,
1983.841615908, 1.000472071,
1983.862048029, 1.000219406,
1983.882480248, 1.000522452,
1983.902912267, 1.000369176,
1983.923344386, 1.000356583,
1983.943776605, 1.000431500,
1983.964208623, 1.000563782,
1983.984640740, 1.000408527,
1984.005072957, 1.000217041,
1984.025504974, 1.000212103,
1984.045937091, 1.000368053,
1984.066369306, 1.000324197,
1984.086801322, 1.000236113,
1984.107233437, 1.000312868,
1984.127665652, 1.000539742,
1984.148097666, 1.000211266,
1984.168529779, 1.000325909,
1984.188961993, 1.000369209,
1984.209394106, 1.000364847,
1984.229826118, 1.000465304,
1984.250258330, 1.000415396,
1984.270690442, 1.000227175,
1984.291122554, 1.000236563,
1984.311554664, 1.000330740,
1984.331986775, 1.000466106,
1984.352418985, 1.000412321,
1984.372850994, 1.000510409,
1984.393283004, 1.000564136,
1984.475011536, 1.000443174,
1984.495443644, 1.000645015,
1984.515875651, 1.000423016,
1984.536307857, 1.000564222,
1984.556739962, 1.000651673,
1984.577171968, 1.000479409,
1984.597604173, 1.000509978,
1984.618036278, 1.000416840,
1984.638468382, 1.000384132,
1984.658900486, 1.000456975,
1984.679332590, 1.000478037,
1984.699764693, 1.000491907,
1984.720196895, 1.000526574,
1984.740628897, 1.000472712,
1984.761061099, 1.000479059,
1984.781493200, 1.000583268,
1984.801925201, 1.000399387,
1984.822357402, 1.000450686,
1984.842789502, 1.000533733,
1984.863221502, 1.000730276,
1984.883653701, 1.000337310,
1984.904085800, 1.000402925,
1984.985814092, 1.000456381,
1985.006246289, 1.000280051,
1985.026678385, 1.000261313,
1985.047110481, 1.000293200,
1985.067542576, 1.000410033,
1985.087974672, 1.000265764,
1985.108406766, 1.000446914,
1985.128838861, 1.000160652,
1985.169702948, 1.000271761,
1985.190135141, 1.000386821,
1985.210567234, 1.000227028,
1985.230999427, 1.000006644,
1985.251431419, 1.000337174,
1985.271863510, 1.000239061,
1985.292295701, 1.000406903,
1985.312727692, 1.000242110,
1985.333159782, 1.000419272,
1985.353591972, 1.000507545,
1985.374023962, 1.000240217,
1985.394456051, 1.000397295,
1985.455752316, 1.000396358,
1985.476184503, 1.000273220,
1985.496616490, 1.000445451,
1985.517048577, 1.000491613,
1985.537480763, 1.000393595,
1985.557912849, 1.000182457,
1985.578344834, 1.000376743,
1985.598777020, 1.000420522,
1985.619209104, 1.000374007,
1985.639641088, 1.000364940,
1985.660073272, 1.000439165,
1985.680505355, 1.000404854,
1985.700937539, 1.000294303,
1985.721369521, 1.000298882,
1985.741801603, 1.000378502,
1985.762233785, 1.000408778,
1985.782665766, 1.000459174,
1985.803097847, 1.000484264,
1985.823530028, 1.000678808,
1985.843962009, 1.000188511,
1985.864394088, 1.000349816,
1985.884826167, 1.000245330,
1985.946122403, 1.000334320,
1985.966554481, 1.000400838,
1985.986986558, 1.000382511,
1986.007418635, 1.000433228,
1986.027850712, 1.000432631,
1986.048282788, 1.000485357,
1986.068714964, 1.000358509,
1986.089146939, 1.000513869,
1986.130011189, 1.000253474,
1986.150443163, 1.000380955,
1986.170875337, 1.000541699,
1986.191307410, 1.000235153,
1986.211739383, 1.000384740,
1986.232171556, 1.000552229,
1986.252603628, 1.000362254,
1986.273035599, 1.000262986,
1986.293467771, 1.000477669,
1986.313899842, 1.000420043,
1986.334331813, 1.000656119,
1986.354763983, 1.000535262,
1986.375196052, 1.000499459,
1986.395628122, 1.000627271,
1986.416060191, 1.000469417,
1986.436492260, 1.000495830,
1986.456924327, 1.000571452,
1986.477356395, 1.000376596,
1986.497788463, 1.000313228,
1986.518220530, 1.000329868,
1986.538652697, 1.000016021,
1986.559084663, 1.000150003,
1986.579516728, 0.999849677,
1986.599948794, 0.999883579,
1986.681677051, 1.000419034,
1986.702109215, 1.000451183,
1986.722541178, 1.000621756,
1986.742973241, 1.000715371,
1986.763405403, 1.000440736,
1986.783837365, 1.000549112,
1986.804269426, 1.000539881,
1986.824701587, 1.000652118,
1986.845133548, 1.000391732,
1986.865565608, 1.000462721,
1986.926861787, 1.000246942,
1986.947293946, 1.000292349,
1986.967726004, 1.000066113,
1986.988157962, 1.000201992,
1987.008590119, 1.000201574,
1987.029022177, 1.000082353,
1987.049454133, 1.000190103,
1987.069886290, 1.000239665,
1987.090318346, 1.000152096,
1987.110750501, 1.000290646,
1987.172046665, 1.000075921,
1987.192478619, 1.000138908,
1987.212910673, 1.000142915,
1987.233342826, 1.000402742,
1987.253774779, 1.000330026,
1987.274206832, 1.000217146,
1987.294638984, 1.000292693,
1987.315070936, 1.000382973,
1987.355935137, 1.000238752,
1987.376367088, 1.000209699,
1987.396799138, 1.000252768,
1987.417231188, 1.000288223,
1987.437663237, 1.000300109,
1987.458095286, 1.000266539,
1987.478527434, 1.000305649,
1987.498959383, 1.000136861,
1987.519391530, 1.000137314,
1987.539823578, 1.000339317,
1987.560255525, 1.000298873,
1987.662415854, 1.000339024,
1987.682847799, 1.000293148,
1987.703279943, 1.000410715,
1987.723711987, 1.000411842,
1987.744144030, 1.000442690,
1987.764576074, 1.000285899,
1987.785008116, 1.000124648,
1987.805440159, 1.000456450,
1987.825872201, 1.000399142,
1987.846304242, 1.000342553,
1987.907600365, 1.000388998,
1987.928032405, 1.000314327,
1987.948464545, 1.000282961,
1987.968896484, 1.000497776,
1987.989328623, 1.000442185,
1988.009760661, 1.000238191,
1988.030192599, 1.000242863,
1988.050624737, 1.000274736,
1988.071056775, 1.000296309,
1988.091488711, 1.000382601,
1988.111920848, 1.000286477,
1988.132352784, 1.000655488,
1988.152784820, 1.000368728,
1988.173216956, 1.000376788,
1988.193648891, 1.000469878,
1988.214080925, 1.000670497,
1988.234513060, 1.000528988,
1988.254944994, 1.000493648,
1988.275377027, 1.000659972,
1988.295809160, 1.000328880,
1988.316241193, 1.000458455,
1988.336673125, 1.000421141,
1988.397969220, 1.000548185,
1988.418401351, 1.000536883,
1988.438833382, 1.000517469,
1988.459265512, 1.000630072,
1988.479697442, 1.000474060,
1988.500129471, 1.000740870,
1988.520561600, 1.000423923,
1988.540993528, 1.000535541,
1988.561425557, 1.000596741,
1988.643153766, 1.000405682,
1988.663585692, 1.000551894,
1988.684017718, 1.000462447,
1988.704449843, 1.000470067,
1988.724881768, 1.000582834,
1988.745313794, 1.000533534,
1988.765745918, 1.000578727,
1988.786177942, 1.000304122,
1988.806609866, 1.000590849,
1988.827041989, 1.000414763,
1988.908769978, 1.000477656,
1988.929202100, 1.000420405,
1988.949634121, 1.000509466,
1988.970066042, 1.000435553,
1988.990498162, 1.000453020,
1989.010930182, 1.000576429,
1989.031362101, 1.000752450,
1989.051794221, 1.000523954,
1989.072226239, 1.000329971,
1989.092658158, 1.000385658,
1989.113090276, 1.000409523,
1989.133522293, 1.000375446,
1989.153954311, 1.000334267,
1989.174386328, 1.000352824,
1989.194818345, 1.000631080,
1989.215250360, 1.000490835,
1989.235682376, 1.000491539,
1989.256114392, 1.000591761,
1989.276546407, 1.000431053,
1989.296978522, 1.000499114,
1989.378706477, 1.000496004,
1989.399138590, 1.000342772,
1989.419570602, 1.000328088,
1989.440002514, 1.000440579,
1989.460434626, 1.000225615,
1989.480866637, 1.000294829,
1989.501298548, 1.000257928,
1989.521730659, 1.000551448,
1989.542162669, 1.000337869,
1989.583026688, 1.000705680,
1989.603458698, 1.000206330,
1989.623890606, 1.000388399,
1989.644322715, 1.000222608,
1989.664754723, 1.000407661,
1989.685186631, 1.000262389,
1989.705618738, 1.000401315,
1989.726050745, 1.000455116,
1989.746482651, 1.000302079,
1989.766914758, 1.000086136,
1989.787346763, 1.000166888,
1989.807778669, 1.000282048,
1989.869074883, 1.000253412,
1989.889506787, 1.000433699,
1989.909938791, 1.000157097,
1989.930370894, 1.000289432,
1989.950802797, 1.000308184,
1989.971234799, 1.000404663,
1989.991666901, 1.000275373,
1990.012098803, 1.000299241,
1990.032530804, 1.000029208,
1990.052962905, 1.000045415,
1990.073394806, 1.000063732,
1990.093826806, 1.000126675,
1990.114258906, 1.000211726,
1990.134690906, 1.000277036,
1990.175554904, 1.000324243,
1990.195986903, 1.000329270,
1990.216418801, 1.000260310,
1990.236850898, 1.000126225,
1990.257282896, 1.000086002,
1990.277714893, 1.000239698,
1990.298146889, 1.000287334,
1990.359442877, 1.000110174,
1990.379874773, 1.000309796,
1990.400306867, 1.000323948,
1990.441170756, 0.998893822,
1990.461602850, 0.998675918,
1990.482034843, 0.998715453,
1990.502466837, 0.998782246,
1990.522898829, 0.999519293,
1990.604626796, 1.000098763,
1990.625058787, 0.999989475,
1990.645490878, 1.000016528,
1990.665922768, 1.000061452,
1990.686354758, 1.000115425,
1990.706786847, 1.000034044,
1990.727218736, 1.000114565,
1990.747650825, 0.999976305,
1990.768082814, 0.999978947,
1990.788514701, 0.999760409,
1990.849810663, 0.999879414,
1990.870242750, 0.999917391,
1990.890674736, 0.999897988,
1990.911106622, 0.999892253,
1990.931538707, 0.999908055,
1990.951970692, 0.999876626,
1990.972402677, 0.999865623,
1990.992834662, 0.999902816,
1991.013266646, 0.999722634,
1991.033698629, 0.999754741,
1991.054130613, 0.999697873,
1991.074562596, 0.999762657,
1991.094994479, 0.999733080,
1991.115426561, 0.999568315,
1991.135858543, 0.999800908,
1991.156290624, 0.999891285,
1991.176722506, 0.999718320,
1991.197154486, 0.999839296,
1991.217586567, 0.999682433,
1991.238018447, 0.999350968,
1991.258450427, 0.999646066,
1991.278882506, 0.999674512,
1991.340178442, 1.000130134,
1991.360610321, 0.999734243,
1991.381042298, 0.999600800,
1991.401474376, 0.999676951,
1991.421906253, 0.999812759,
1991.442338229, 0.999569537,
1991.462770305, 0.999735941,
1991.483202282, 0.999756151,
1991.503634157, 0.999602569,
1991.524066232, 0.999852093,
1991.544498207, 0.999585240,
1991.564930082, 0.999821476,
1991.585362156, 0.999836183,
1991.605794129, 0.999734947,
1991.626226203, 0.999628147,
1991.646658076, 0.999514585,
1991.667090049, 0.999558056,
1991.687522121, 0.999546943,
1991.707953993, 0.999648212,
1991.728385965, 0.999699865,
1991.748817936, 0.999604572,
1991.769249908, 0.999654432,
1991.789681878, 0.999648097,
1991.810113848, 0.999604676,
1991.830545818, 0.999637803,
1991.850977788, 0.999611105,
1991.871409757, 0.999513692,
1991.891841726, 0.999584050,
1991.912273695, 0.999524668,
1991.932705663, 0.999530473,
1991.953137630, 0.999491545,
1991.973569598, 0.999857405,
1991.994001665, 0.999558073,
1992.014433532, 0.999325116,
1992.075729431, 0.999606604,
1992.096161496, 0.999710095,
1992.116593461, 0.999503413,
1992.137025326, 0.999603001,
1992.157457390, 0.999659010,
1992.177889354, 0.999681627,
1992.198321218, 0.999456335,
1992.218753281, 0.999613777,
1992.239185244, 1.000072325,
1992.259617107, 0.999691684,
1992.300481131, 0.999583967,
1992.320913093, 0.999506532,
1992.341345054, 0.999462737,
1992.361777015, 0.999497863,
1992.382208975, 0.999502109,
1992.402640936, 0.999779608,
1992.423072895, 0.999589059,
1992.443504955, 0.999541007,
1992.463936914, 0.999451176,
1992.484368773, 0.999738798,
1992.504800832, 0.999465537,
1992.525232690, 0.999613255,
1992.545664648, 0.999670919,
1992.566096705, 0.999532920,
1992.586528562, 0.999514782,
1992.606960519, 0.999632132,
1992.647824432, 0.999623322,
1992.668256388, 0.999674703,
1992.688688443, 0.999547368,
1992.709120298, 0.999442805,
1992.729552253, 0.999473347,
1992.749984307, 0.999529064,
1992.811280168, 0.999409099,
1992.831712121, 0.999440523,
1992.852144074, 0.999442233,
1992.872576026, 0.999533030,
1992.893007978, 0.999398120,
1992.913439930, 0.999303087,
1992.933871882, 0.999334337,
1992.954303833, 0.999361440,
1992.974735883, 0.999468987,
1992.995167733, 0.999592086,
1993.015599684, 0.999396420,
1993.036031733, 0.999311228,
1993.056463582, 0.999248576,
1993.076895531, 0.999180661,
1993.097327580, 0.999137142,
1993.117759428, 0.999248789,
1993.138191376, 0.999254017,
1993.158623424, 0.998695312,
1993.179055271, 0.998755506,
1993.199487218, 0.998786374,
1993.219919265, 0.998543129,
1993.301646948, 0.998905909,
1993.322078993, 0.999395066,
1993.342510937, 0.999438861,
1993.362942782, 0.999303358,
1993.383374826, 0.999426036,
1993.403806769, 0.999387459,
1993.424238613, 0.999370286,
1993.444670655, 0.999237526,
1993.465102598, 0.999291209,
1993.485534440, 0.999311845,
1993.546830265, 0.999328907,
1993.567262306, 0.999394660,
1993.587694247, 0.999352463,
1993.608126087, 0.999433031,
1993.628558127, 0.999085935,
1993.648990066, 0.999205776,
1993.669422106, 0.999324266,
1993.689853944, 0.999295098,
1993.710285883, 0.999277969,
1993.730717921, 0.999344729,
1993.751149759, 0.999266260,
1993.771581697, 0.999338071,
1993.792013734, 0.999260125,
1993.812445671, 0.999330935,
1993.832877508, 0.999275842,
1993.853309544, 0.999068855,
1993.873741480, 0.998998745,
1993.894173315, 0.999174596,
1993.914605351, 0.999287359,
1993.935037286, 0.999139002,
1993.955469120, 0.999395547,
1994.037196955, 0.999242055,
1994.057628788, 0.999164412,
1994.078060821, 0.999266769,
1994.098492753, 0.999173179,
1994.118924585, 0.999206185,
1994.139356617, 0.999262931,
1994.159788548, 0.999310128,
1994.180220479, 0.999236477,
1994.200652410, 0.999237883,
1994.221084340, 0.999288975,
1994.282380129, 0.999079505,
1994.302812058, 0.999298620,
1994.323243987, 0.999089733,
1994.343675915, 0.999113791,
1994.364107843, 0.999100364,
1994.384539871, 0.999144388,
1994.404971699, 0.999044104,
1994.425403626, 0.999158356,
1994.445835652, 0.999007592,
1994.466267479, 0.999170361,
1994.486699505, 0.999028614,
1994.507131431, 0.999182529,
1994.527563256, 0.999148856,
1994.547995281, 0.999134339,
1994.568427206, 0.999086782,
1994.588859030, 0.999142703,
1994.609291055, 0.999187264,
1994.629722978, 0.999175510,
1994.650154902, 0.999091575,
1994.670586825, 0.999021748,
1994.691018748, 0.999159798,
1994.711450571, 0.999056848,
1994.772746336, 0.998845746,
1994.793178357, 0.998790110,
1994.813610278, 0.998691248,
1994.834042099, 0.998595338,
1994.854474119, 0.998621950,
1994.874906039, 0.998738441,
1994.895338059, 0.998571551,
1994.915769878, 0.998724843,
1994.936201797, 0.998724209,
1995.017929570, 0.998648501,
1995.038361387, 0.999060208,
1995.058793304, 0.998849349,
1995.079225321, 0.998797392,
1995.099657137, 0.998929542,
1995.120089053, 0.998846452,
1995.140521069, 0.998807761,
1995.160952885, 0.998808468,
1995.181384800, 0.998704474,
1995.201816815, 0.998691223,
1995.263112557, 0.998773095,
1995.283544471, 0.998686477,
1995.303976384, 0.998858408,
1995.324408297, 0.998744352,
1995.344840210, 0.998953853,
1995.365272122, 0.998800675,
1995.385704034, 0.998858829,
1995.406135945, 0.998741372,
1995.426567857, 0.998733198,
1995.446999768, 0.998701072,
1995.467431679, 0.998774328,
1995.487863589, 0.998831980,
1995.508295499, 0.998679867,
1995.528727309, 0.998652727,
1995.549159318, 0.998607299,
1995.569591227, 0.998643769,
1995.590023136, 0.998617009,
1995.610455045, 0.998689611,
1995.630886953, 0.998553417,
1995.651318861, 0.998715346,
1995.671750769, 0.998595381,
1995.692182676, 0.998708018,
1995.753478395, 0.998596598,
1995.773910401, 0.998693707,
1995.794342307, 0.998791797,
1995.814774113, 0.998688514,
1995.835206118, 0.998824286,
1995.855638022, 0.998813293,
1995.876069827, 0.998682126,
1995.896501831, 0.998771523,
1995.916933735, 0.998619215,
1995.937365538, 0.998984510,
1995.998661247, 0.998734255,
1996.019093249, 0.998812179,
1996.039525151, 0.998718779,
1996.059957052, 0.998554875,
1996.080388954, 0.998790738,
1996.100820855, 0.998637854,
1996.121252756, 0.998884550,
1996.141684656, 0.998709327,
1996.162116556, 0.998814672,
1996.182548456, 0.998775260,
1996.202980355, 0.998870057,
1996.223412254, 0.999042137,
1996.243844253, 0.999030725,
1996.264276052, 0.998745098,
1996.284707950, 0.999083007,
1996.305139948, 0.999088373,
1996.325571745, 0.998930746,
1996.346003643, 0.998741217,
1996.366435640, 0.998817250,
1996.386867436, 0.998761218,
1996.407299333, 0.998808337,
1996.489027015, 0.999061704,
1996.509458810, 0.998957102,
1996.529890805, 0.999100704,
1996.550322699, 0.999136033,
1996.570754593, 0.999075392,
1996.591186486, 0.999078199,
1996.611618380, 0.999013621,
1996.632050272, 0.999000567,
1996.652482165, 0.998711007,
1996.672914058, 0.998717633,
1996.734209733, 0.998385668,
1996.754641624, 0.998628169,
1996.775073615, 0.998734291,
1996.795505406, 0.998650000,
1996.815937296, 0.998618365,
1996.836369286, 0.998529930,
1996.856801075, 0.998549625,
1996.877232965, 0.998517929,
1996.897664854, 0.998429868,
1996.979392407, 0.998638267,
1996.999824395, 0.998403335,
1997.020256182, 0.998560675,
1997.040688069, 0.998405096,
1997.061120055, 0.998754550,
1997.101983728, 0.998774981,
1997.122415713, 0.998717943,
1997.142847599, 0.998588852,
1997.163279384, 0.998556701,
1997.224575038, 0.998696131,
1997.245007022, 0.998818831,
1997.265438905, 0.998540771,
1997.285870689, 0.998524343,
1997.306302671, 0.998709444,
1997.326734554, 0.998688530,
1997.347166537, 0.998795659,
1997.367598319, 0.998782246,
1997.388030201, 0.998901815,
1997.408462182, 0.998602354,
1997.428893964, 0.998758375,
1997.449325844, 0.998648049,
1997.469757825, 0.998736773,
1997.490189605, 0.998652722,
1997.510621486, 0.998663251,
1997.531053465, 0.998574042,
1997.551485345, 0.998648606,
1997.571917124, 0.998640301,
1997.592349103, 0.998743638,
1997.612780881, 0.998614769,
1997.633212760, 0.998626282,
1997.653644738, 0.998605751,
1997.714940370, 0.998754723,
1997.755804123, 0.998721673,
1997.776235999, 0.998841938,
1997.796667775, 0.998944791,
1997.817099751, 0.998824194,
1997.837531626, 0.999051430,
1997.857963401, 0.998797452,
1997.878395376, 0.998772037,
1997.898827250, 0.998868336,
1997.960122872, 0.998819378,
1997.980554745, 0.999055117,
1998.000986618, 0.998813143,
1998.021418491, 0.998803805,
1998.041850363, 0.998707233,
1998.062282335, 0.998810382,
1998.082714107, 0.998870870,
1998.103146079, 0.998922785,
1998.123577950, 0.999099044,
1998.144009721, 0.998849856,
1998.164441692, 0.999003337,
1998.184873562, 0.999133791,
1998.205305332, 0.998991887,
1998.225737302, 0.999005251,
1998.246169171, 0.999080349,
1998.266600941, 0.999022186,
1998.287032909, 0.998966277,
1998.307464778, 0.999014781,
1998.348328515, 0.999019659,
1998.368760282, 0.999267240,
1998.389192250, 0.999284777,
1998.450487750, 0.999205036,
1998.470919717, 0.999023846,
1998.491351583, 0.999053040,
1998.511783449, 0.999127928,
1998.532215314, 0.999138545,
1998.552647179, 0.999279973,
1998.573079144, 0.999084403,
1998.593510909, 0.999370496,
1998.613942773, 0.999555436,
1998.634374737, 0.999273934,
1998.716102090, 0.998968255,
1998.736533953, 0.998848978,
1998.756965915, 0.999105508,
1998.777397677, 0.999167064,
1998.797829539, 0.999258411,
1998.818261500, 0.999191870,
1998.838693261, 0.998985046,
1998.859125122, 0.999128773,
1998.879557083, 0.999146375,
1998.899988943, 0.999182690,
1998.920420803, 0.999437459,
1998.940852663, 0.999342959,
1998.961284522, 0.999095684,
1998.981716382, 0.999085139,
1999.002148240, 0.999165202,
1999.022580099, 0.999019144,
1999.043012058, 0.999375964,
1999.063443815, 0.999377729,
1999.083875673, 0.999266763,
1999.104307531, 0.999355392,
1999.124739388, 0.999402566,
1999.186034958, 0.999375703,
1999.206466714, 0.999197307,
1999.226898670, 0.999365437,
1999.247330525, 0.999266593,
1999.267762480, 0.999130061,
1999.288194235, 0.999240551,
1999.308626090, 0.999331777,
1999.329058045, 0.999377825,
1999.349489799, 0.999342937,
1999.369921653, 0.999374601,
1999.390353606, 0.999406502,
1999.410785459, 0.999122238,
1999.431217212, 0.999392112,
1999.451649165, 0.999337075,
1999.472081017, 0.999418540,
1999.492512770, 0.999502503,
1999.512944721, 0.999288426,
1999.533376573, 0.999207191,
1999.553808325, 0.999167189,
1999.574240276, 0.999310761,
1999.594672126, 0.999472513,
1999.676399627, 0.999659948,
1999.696831376, 0.999548675,
1999.717263225, 0.999383134,
1999.737695174, 0.999346730,
1999.758126922, 0.999435220,
1999.778558771, 0.999638699,
1999.798990719, 0.999528015,
1999.819422467, 0.999813367,
1999.839854314, 0.999536964,
1999.860286161, 0.999480280,
1999.921581701, 0.999956277,
1999.942013547, 0.999637288,
1999.962445393, 0.999667944,
1999.982877339, 0.999707976,
2000.003309084, 0.999774772,
2000.023741029, 0.999762544,
2000.044172874, 0.999676665,
2000.064604618, 0.999642152,
2000.085036562, 0.999783521,
2000.105468406, 0.999765655,
2000.125900150, 0.999686228,
2000.146332093, 0.999600520,
2000.166763936, 0.999745404,
2000.187195679, 0.999872519,
2000.207627622, 0.999737185,
2000.228059464, 0.999623505,
2000.248491306, 0.999809865,
2000.268923148, 0.999935218,
2000.289354989, 0.999943161,
2000.309786830, 1.000061463,
2000.330218671, 0.999987856,
2000.411946032, 0.999751279,
2000.432377972, 0.999789852,
2000.452809811, 0.999897332,
2000.473241550, 0.999482213,
2000.493673489, 0.998741333,
2000.514105328, 0.998417741,
2000.534537066, 0.998603042,
2000.554969004, 0.998693669,
2000.575400841, 0.999290551,
2000.595832579, 0.999891272,
2000.636696253, 0.999879678,
2000.657128089, 0.999877509,
2000.677560026, 0.999930547,
2000.697991762, 0.999807718,
2000.718423598, 0.999794239,
2000.738855533, 0.999916079,
2000.759287269, 1.000008930,
2000.779719204, 1.000078321,
2000.800151038, 0.999915941,
2000.820582873, 0.999833888,
2000.841014707, 0.999728377,
2000.861446541, 0.999675308,
2000.881878375, 0.999886983,
2000.902310208, 0.999810744,
2000.984037539, 1.000008807,
2001.004469371, 0.999785162,
2001.024901303, 0.999823149,
2001.045333035, 1.000055835,
2001.065764866, 0.999825542,
2001.086196797, 0.999951275,
2001.147492289, 1.000019338,
2001.167924019, 1.000047026,
2001.188355949, 1.000043848,
2001.208787778, 1.000121981,
2001.229219608, 0.999818055,
2001.249651436, 1.000151708,
2001.270083165, 1.000035465,
2001.290515094, 1.000077673,
2001.310946922, 1.000238457,
2001.331378750, 1.000073843,
2001.351810477, 0.999850885,
2001.372242405, 0.999898388,
2001.392674232, 1.000023965,
2001.413105959, 1.000084309,
2001.433537885, 1.000108892,
2001.453969712, 1.000010055,
2001.474401438, 1.000033628,
2001.494833364, 1.000148714,
2001.515265189, 1.000203933,
2001.535697115, 1.000149771,
2001.556128840, 0.999854524,
2001.576560665, 1.000061945,
2001.637856137, 1.000365538,
2001.658288061, 1.000297109,
2001.678719785, 1.000202790,
2001.699151608, 1.000185154,
2001.719583531, 1.000168756,
2001.740015254, 1.000342117,
2001.760447076, 1.000184606,
2001.780878998, 1.000233173,
2001.801310820, 1.000173206,
2001.821742542, 1.000344412,
2001.842174464, 1.000337043,
2001.862606285, 1.000080494,
2001.883038206, 1.000358841,
2001.903469926, 1.000274634,
2001.923901747, 1.000425690,
2001.944333667, 1.000235678,
2001.964765387, 1.000194966,
2001.985197207, 1.000296341,
2002.005629026, 1.000479777,
2002.026060845, 1.000419922,
2002.046492664, 1.000425486,
2002.066924483, 1.000477415,
2002.148651755, 1.000474850,
2002.169083573, 1.000647814,
2002.189515390, 1.000289015,
2002.209947207, 1.000448324,
2002.230379123, 1.000561984,
2002.250810840, 1.000598113,
2002.271242656, 1.000488187,
2002.291674572, 1.000390717,
2002.312106387, 1.000519055,
2002.332538103, 1.000514298,
2002.352970018, 1.000490217,
2002.373401833, 1.000589045,
2002.393833548, 1.000499713,
2002.414265462, 1.000644691,
2002.434697276, 1.000462088,
2002.455128990, 1.000760092,
2002.475560904, 1.000678971,
2002.495992717, 1.000731727,
2002.516424430, 1.000746030,
2002.536856343, 1.000680733,
2002.557288156, 1.000901456,
2002.639015504, 1.000633539,
2002.659447215, 1.000611861,
2002.679879026, 1.000766687,
2002.700310937, 1.000409472,
2002.720742648, 1.000332552,
2002.741174458, 1.000579450,
2002.761606268, 1.000443378,
2002.782038078, 1.000581959,
2002.802469888, 1.000608005,
2002.822901798, 1.000622776,
2002.843333507, 1.000504863,
2002.863765315, 1.000587937,
2002.884197224, 1.000554295,
2002.904628933, 1.000476718,
2002.925060741, 1.000714654,
2002.945492649, 1.000733309,
2002.965924357, 1.000833442,
2002.986356264, 1.000378030,
2003.006788071, 1.000407802,
2003.108947104, 1.000613948,
2003.129378910, 1.000735146,
2003.149810715, 1.000751771,
2003.170242520, 1.000718325,
2003.190674325, 1.000676777,
2003.211106130, 1.000763800,
2003.231537935, 1.000808619,
2003.251969739, 1.000693070,
2003.272401543, 1.000515097,
2003.292833447, 1.000590923,
2003.313265150, 1.000641189,
2003.333697054, 1.000506511,
2003.354128857, 1.000481605,
2003.374560560, 1.000691412,
2003.394992462, 1.000488710,
2003.415424265, 1.000654756,
2003.435855967, 1.000669927,
2003.456287869, 1.000568527,
2003.476719570, 1.000626725,
2003.497151372, 1.000607911,
2003.517583273, 1.000518579,
2003.599310375, 1.000778130,
2003.619742175, 1.000876813,
2003.640174075, 1.000891919,
2003.660605874, 1.000752185,
2003.681037674, 1.000811716,
2003.701469473, 1.000575627,
2003.721901272, 1.000596722,
2003.742333070, 1.000660379,
2003.762764868, 1.000854661,
2003.783196666, 1.000748782,
2003.803628564, 1.000894071,
2003.824060262, 1.000645026,
2003.844492059, 1.000670211,
2003.864923956, 1.000128801,
2003.885355653, 1.000070374,
2003.905787450, 1.000000865,
2003.926219346, 0.999922953,
2003.946651043, 0.999922876,
2003.967082839, 0.999973408,
2004.007946430, 1.000693013,
2004.028378325, 1.000844819,
2004.089673709, 1.000811824,
2004.110105504, 1.000818456,
2004.130537298, 1.000979079,
2004.150969091, 1.000788336,
2004.171400885, 1.000775337,
2004.191832679, 1.000856177,
2004.212264472, 1.001030567,
2004.232696265, 1.000925221,
2004.253127957, 1.000849822,
2004.273559850, 1.000959591,
2004.293991642, 1.001120747,
2004.314423334, 1.001113594,
2004.334855226, 1.000929793,
2004.355287017, 1.001025729,
2004.375718908, 1.001063841,
2004.396150599, 1.001165247,
2004.416582390, 1.001148198,
2004.437014281, 1.001028046,
2004.457445971, 1.001051376,
2004.477877761, 1.000872020,
2004.498309651, 1.000783109,
2004.580036709, 1.000958922,
2004.600468497, 1.001041993,
2004.620900386, 1.001223740,
2004.641332174, 1.000957386,
2004.661763862, 1.000978362,
2004.682195750, 1.000854701,
2004.702627538, 1.000700803,
2004.723059325, 1.000816450,
2004.743491112, 1.001082546,
2004.763922899, 1.000844622,
2004.825218259, 1.000737423,
2004.845650045, 1.001062687,
2004.866081830, 1.001168819,
2004.886513616, 1.001059803,
2004.927377187, 1.001072043,
2004.947808972, 1.000926548,
2004.968240756, 1.000849519,
2004.988672541, 1.001069458,
2005.009104325, 1.001122188,
2005.029536109, 1.001080159,
2005.049967893, 1.001095185,
2005.070399776, 1.000907823,
2005.090831459, 1.001125803,
2005.111263243, 1.001037518,
2005.131695125, 1.001164822,
2005.152126908, 1.001190444,
2005.172558590, 1.001001166,
2005.192990473, 1.000748775,
2005.213422255, 1.000931218,
2005.233853936, 1.000956823,
2005.254285818, 1.001185073,
2005.295149280, 1.001053117,
2005.315581161, 1.000989903,
2005.336012942, 1.001062050,
2005.356444622, 1.001088389,
2005.376876503, 1.001023068,
2005.397308283, 1.000905484,
2005.417740162, 1.000863230,
2005.438171842, 1.001067978,
2005.458603621, 1.001084775,
2005.479035500, 1.001114906,
2005.499467179, 1.001047642,
2005.519898958, 1.001161280,
2005.540330836, 1.000977137,
2005.560762514, 1.001138558,
2005.581194293, 1.001080432,
2005.601626170, 1.001117773,
2005.622057848, 1.001062483,
2005.642489625, 1.001165921,
2005.662921402, 1.000897631,
2005.703784956, 1.001129859,
2005.724216832, 1.001110952,
2005.744648509, 1.000949127,
2005.805943836, 1.001177468,
2005.826375711, 1.001077109,
2005.846807487, 1.001205466,
2005.867239161, 1.000976000,
2005.887671036, 1.001230925,
2005.908102811, 1.001096744,
2005.928534485, 1.000902302,
2005.948966359, 1.001207087,
2005.969398133, 1.001114778,
2005.989829907, 1.001136906,
2006.010261680, 1.000946900,
2006.030693453, 1.001297178,
2006.051125226, 1.001323815,
2006.071556999, 1.001281248,
2006.091988772, 1.001218091,
2006.112420644, 1.001139545,
2006.132852316, 1.001117298,
2006.153284088, 1.001239159,
2006.173715960, 1.001238179,
2006.194147731, 1.001293908,
2006.214579403, 1.001227259,
2006.235011274, 1.001239386,
2006.255443045, 1.001251372,
2006.275874715, 1.001294048,
2006.296306586, 1.001238151,
2006.316738356, 1.000966246,
2006.337170026, 1.001137537,
2006.357601896, 1.001281304,
2006.378033565, 1.001128742,
2006.398465335, 1.001252709,
2006.418897204, 1.001167071,
2006.439328873, 1.001236503,
2006.459760742, 1.001192609,
2006.480192510, 1.001003481,
2006.541487815, 1.001133642,
2006.561919582, 1.001413233,
2006.582351350, 1.001314437,
2006.602783117, 1.001376123,
2006.623214884, 1.000998379,
2006.643646751, 1.001000103,
2006.664078418, 1.000854510,
2006.684510184, 1.000948345,
2006.704942050, 1.001100328,
2006.725373716, 1.001123092,
2006.745805482, 1.001081886,
2006.766237348, 1.001244177,
2006.786669013, 1.001155726,
2006.807100879, 1.000837696,
2006.827532643, 1.001064193,
2006.847964308, 1.001003476,
2006.868396173, 1.001058804,
2006.888827937, 1.001145479,
2006.909259601, 1.000784024,
2006.929691465, 1.000792480,
2007.031850282, 1.001048816,
2007.052282045, 1.001125502,
2007.072713807, 1.001136806,
2007.093145570, 1.001206117,
2007.134009094, 1.001052484,
2007.154440855, 1.000934045,
2007.174872617, 1.001233837,
2007.195304378, 1.001247529,
2007.215736239, 1.001259407,
2007.236167900, 1.001221148,
2007.256599661, 1.001231661,
2007.277031521, 1.001193742,
2007.297463182, 1.001276746,
2007.317894942, 1.001029008,
2007.338326801, 1.000991361,
2007.358758461, 1.001064176,
2007.379190221, 1.001000710,
2007.399622080, 1.001150159,
2007.420053739, 1.001282717,
2007.522212631, 1.001191489,
2007.542644389, 1.001020924,
2007.563076147, 1.001134824,
2007.583507904, 1.001199878,
2007.603939662, 1.001305623,
2007.624371519, 1.001037648,
2007.644803176, 1.001219458,
2007.665234932, 1.001201207,
2007.685666789, 1.001086410,
2007.706098445, 1.001147228,
2007.726530201, 1.001117063,
2007.746961957, 1.001234480,
2007.767393712, 1.001119025,
2007.787825568, 1.001226287,
2007.808257323, 1.001222806,
2007.828688978, 1.001290665,
2007.849120833, 1.001293753,
2007.869552488, 1.001216225,
2007.889984243, 1.001157477,
2007.910416097, 1.001343080,
2007.930847751, 1.001298018,
2007.951279505, 1.001090795,
2007.971711359, 1.001096073,
2007.992143012, 1.001277359,
2008.012574765, 1.001149268,
2008.033006618, 1.001017166,
2008.053438371, 1.001128698,
2008.073870024, 1.001160613,
2008.094301876, 1.001305702,
2008.114733629, 1.001131951,
2008.135165381, 1.001144073,
2008.155597133, 1.001249687,
2008.176028885, 1.001059389,
2008.196460736, 1.001066656,
2008.257755990, 1.001108876,
2008.278187641, 1.001237084,
2008.298619391, 1.001256522,
2008.319051242, 1.001240885,
2008.339482892, 1.001198412,
2008.359914642, 1.001255435,
2008.380346492, 1.001271444,
2008.400778141, 1.001113891,
2008.421209891, 1.001221014,
2008.441641740, 1.001284215,
2008.523368735, 1.001161741,
2008.543800484, 1.001114317,
2008.564232232, 1.001181441,
2008.584663880, 1.001043811,
2008.605095727, 1.001272033,
2008.625527475, 1.001194959,
2008.645959122, 1.001127598,
2008.666390969, 1.001355799,
2008.686822716, 1.000904004,
2008.707254363, 1.000911313,
2008.727686210, 1.001192249,
2008.748117956, 1.000788965,
2008.768549802, 1.001187431,
2008.788981448, 1.001061703,
2008.809413194, 1.001162379,
2008.829845040, 1.001081526,
2008.850276685, 1.001154157,
2008.870708431, 1.001061388,
2008.891140276, 1.001160856,
2008.911571921, 1.001296362,
2008.932003665, 1.001096864,
2008.952435510, 1.001026188,
2008.972867154, 1.001045288,
2008.993298898, 1.000862964,
2009.013730742, 1.000933934,
2009.034162486, 1.001202980,
2009.054594130, 1.001220632,
2009.075025973, 1.000849443,
2009.095457716, 1.000890596,
2009.115889459, 1.000957421,
2009.136321202, 1.000990024,
2009.156752945, 1.000938063,
2009.238479914, 1.001054349,
2009.258911656, 1.001078277,
2009.279343297, 1.001147500,
2009.299775139, 1.001082471,
2009.320206880, 1.001107692,
2009.340638521, 1.001181872,
2009.361070362, 1.001132557,
2009.381502102, 1.001055053,
2009.401933943, 1.001216871,
2009.422365583, 1.001318991,
2009.442797323, 1.000989069,
2009.463229163, 1.001145594,
2009.483660803, 1.000950593,
2009.504092543, 1.001019563,
2009.524524382, 1.001216356,
2009.544956121, 1.001285929,
2009.565387760, 1.000989208,
2009.585819599, 1.001072471,
2009.606251338, 1.001255365,
2009.626682976, 1.001114242,
2009.647114815, 1.001041702,
2009.667546553, 1.001095359,
2009.687978191, 1.000961892,
2009.708410029, 1.001154882,
2009.728841766, 1.001102780,
2009.749273604, 1.001103313,
2009.769705241, 1.000902576,
2009.790136978, 1.001090730,
2009.810568815, 1.001000401,
2009.831000452, 1.000937304,
2009.871863924, 1.001254822,
2009.892295661, 1.001007675,
2009.912727397, 1.001175717,
2009.974022604, 1.001267448,
2009.994454339, 1.001318617,
2010.014886074, 1.001106959,
2010.035317809, 1.001188413,
2010.055749544, 1.001279709,
2010.076181278, 1.001207269,
2010.096613113, 1.001293356,
2010.117044847, 1.001294925,
2010.137476481, 1.001288933,
2010.157908315, 1.001243245,
2010.178340049, 1.001195976,
2010.198771682, 1.001326114,
2010.219203516, 1.001316805,
2010.239635249, 1.001228570,
2010.260066882, 1.001160883,
2010.280498715, 1.001156997,
2010.300930447, 1.001362011,
2010.321362080, 1.001317052,
2010.341793912, 1.001258154,
2010.362225645, 1.001358283,
2010.382657477, 1.001197652,
2010.403089108, 1.001245058,
2010.464384303, 1.001360803,
2010.484816034, 1.001131273,
2010.505247865, 1.001045428,
2010.525679596, 1.001085051,
2010.546111226, 1.000060200,
2010.566543057, 0.999689261,
2010.586974787, 0.999570653,
2010.607406417, 0.999536552,
2010.627838247, 1.000408481,
2010.648269977, 1.001135218,
2010.668701607, 1.001340749,
2010.689133436, 1.001105570,
2010.709565065, 1.001227204,
2010.729996894, 1.001172560,
2010.750428623, 1.001153700,
2010.770860252, 1.001295249,
2010.791292081, 1.001228683,
2010.811723809, 1.001329107,
2010.832155437, 1.001101029,
2010.852587266, 1.001098759,
2010.873018993, 1.000886970,
2010.893450621, 1.000995038,
2010.913882449, 1.001188129,
2010.934314176, 1.001184546,
2010.954745903, 1.001140761,
2010.975177631, 1.001177770,
2010.995609357, 1.001022952,
2011.016041184, 1.000994946,
2011.036472911, 1.001234500,
2011.056904537, 1.001066723,
2011.077336364, 1.001035953,
2011.097768090, 1.001142150,
2011.118199716, 1.000950383,
2011.138631541, 1.001039710,
2011.179494892, 1.001180960,
2011.199926718, 1.001160338,
2011.220358443, 1.001230584,
2011.240790068, 1.000995298,
2011.261221893, 1.001156045,
2011.281653617, 1.001027592,
2011.302085242, 1.001182423,
2011.322517066, 1.001316240,
2011.342948790, 1.001013750,
2011.363380514, 1.001022399,
2011.445107408, 1.001333575,
2011.465539131, 1.001220475,
2011.485970855, 1.001212154,
2011.506402577, 1.001234004,
2011.526834300, 1.001131595,
2011.547266123, 1.001067680,
2011.567697745, 1.001095851,
2011.588129467, 1.001315294,
2011.608561289, 1.001103898,
2011.628992911, 1.001352310,
2011.649424733, 1.001109132,
2011.669856454, 1.001101342,
2011.690288076, 1.001121543,
2011.710719897, 1.001342939,
2011.731151618, 1.001230270,
2011.751583239, 1.001108605,
2011.772015060, 1.001161663,
2011.792446780, 1.001170921,
2011.812878401, 1.001192629,
2011.833310221, 1.001200608,
2011.853741941, 1.001286789,
2011.874173661, 1.001244058,
2011.894605381, 1.001221280,
2011.915037101, 1.001247752,
2011.935468920, 1.001364403,
2011.955900540, 1.001392701,
2011.996764078, 1.001412568,
2012.017195797, 1.001325395,
2012.037627415, 1.001169664,
2012.058059234, 1.001405800,
2012.078490852, 1.001309620,
2012.098922571, 1.001361139,
2012.119354389, 1.001420898,
2012.139786007, 1.001441539,
2012.160217725, 1.001495786,
2012.180649542, 1.001504192,
2012.201081160, 1.001279716,
2012.221512877, 1.001113431,
2012.241944694, 1.001309433,
2012.262376311, 1.001464753,
2012.282808128, 1.001329341,
2012.303239845, 1.001697414,
2012.323671462, 1.001407665,
2012.344103278, 1.001436116,
2012.364534994, 1.001619454,
2012.425830142, 1.001155813,
2012.446261858, 1.001046864,
2012.466693573, 1.001102825,
2012.487125289, 1.001213234,
2012.507557004, 1.001182501,
2012.527988719, 1.001109865,
2012.548420434, 1.001166591,
2012.568852249, 1.001271218,
2012.589283963, 1.000939278,
2012.609715578, 1.000944764,
2012.630147392, 1.000981663,
2012.650579106, 1.000935573,
2012.671010720, 1.000954037,
2012.691442534, 1.001153219,
2012.711874248, 1.001004860,
2012.732305861, 1.001149566,
2012.752737675, 1.001367580,
2012.773169388, 1.000749013,
2012.793601001, 1.000944809,
2012.814032814, 1.000805853,
2012.834464527, 1.000861494,
2012.916191377, 1.001110141,
2012.936623089, 1.001140164,
2012.957054801, 1.001104761,
2012.997918224, 1.001043333,
2013.018349936, 1.001173601,
2013.038781647, 1.001437576,
2013.059213358, 1.001142628,
2013.079645069, 1.001065694,
2013.100076880, 1.000947831,
2013.120508491, 1.000858216,
2013.161372012, 1.001082422,
2013.181803622, 1.000978273,
2013.202235432, 1.000925665,
2013.222667143, 1.001143622,
2013.243098752, 1.001146129,
2013.263530562, 1.000992391,
2013.283962272, 1.000794851,
2013.304393881, 1.000942023,
2013.324825691, 1.001028509,
2013.345257400, 1.001145865,
2013.365689009, 1.001122526,
2013.386120818, 1.001034107,
2013.406552527, 1.001046538,
2013.426984235, 1.001026243,
2013.447415944, 1.001038963,
2013.467847652, 1.001104205,
2013.488279360, 1.000953461,
2013.508711068, 1.000902931,
2013.529142776, 1.001097660,
2013.549574484, 1.001102620,
2013.570006192, 1.001063825,
2013.590437899, 1.001060522,
2013.631301314, 1.001015002,
2013.651733021, 1.000925268,
2013.672164828, 1.000950763,
2013.692596435, 1.000812387,
2013.713028141, 1.000962370,
2013.733459948, 1.001030161,
2013.753891554, 1.000886826,
2013.774323360, 1.000722484,
2013.794755067, 1.000708331,
2013.815186672, 1.000750878,
2013.896913595, 1.000954018,
2013.917345300, 1.001195161,
2013.937777005, 1.000921754,
2013.958208710, 1.001009717,
2013.978640415, 1.001085623,
2013.999072120, 1.000891590,
2014.019503825, 1.001019922,
2014.039935529, 1.001182460,
2014.060367334, 1.001009984,
2014.080799038, 1.000995047,
2014.101230642, 1.001043594,
2014.121662446, 1.000850700,
2014.142094149, 1.001138004,
2014.162525753, 1.001038070,
2014.182957557, 1.000838290,
2014.203389260, 1.001222135,
2014.223820863, 1.000979393,
2014.244252666, 1.000956438,
2014.264684269, 1.001034761,
2014.285115972, 1.000857245,
2014.305547775, 1.000853392,
2014.325979377, 1.000974772,
2014.346411180, 1.000976262,
2014.366842882, 1.001048855,
2014.387274485, 1.000892007,
2014.407706287, 1.000945422,
2014.428137988, 1.000953756,
2014.448569690, 1.001131294,
2014.469001392, 1.001137946,
2014.489433093, 1.000887558,
2014.509864795, 1.001097962,
2014.530296496, 1.001106917,
2014.550728197, 1.000938697,
2014.571159898, 1.001152791,
2014.591591699, 1.001177836,
2014.612023300, 1.001265476,
2014.632455101, 1.001545918,
2014.652886801, 1.001419043,
2014.673318401, 1.001274266,
2014.693750202, 1.001301551,
2014.714181902, 1.001217724,
2014.734613502, 1.001356680,
2014.755045302, 1.001502058,
2014.775477001, 1.001097803,
2014.795908601, 1.001352449,
2014.816340400, 1.001127263,
2014.877635498, 1.000994712,
2014.898067197, 1.000884399,
2014.918498896, 1.000902045,
2014.938930595, 1.000971397,
2014.959362293, 1.000971187,
2014.979793992, 1.000762634,
2017.860662908, 1.000810496,
2017.881094691, 1.000963581,
2017.901526273, 1.001153108,
2017.921957955, 1.000971496,
2017.942389738, 1.000936456,
2017.962821320, 1.000982272,
2018.003684784, 1.000957935,
2018.024116366, 1.001259143,
2018.044548048, 1.000868986,
2018.064979830, 1.000722268,
2018.085411411, 1.000919067,
2018.105843193, 1.000757783,
2018.126274874, 1.000901736,
2018.146706556, 1.000927064,
2018.167138237, 1.000919384,
2018.187569918, 1.001047290,
2018.208001599, 1.001076920,
2018.228433280, 1.000566092,
2018.248864961, 1.000866152,
2018.269296642, 1.000700303,
2018.289728423, 1.000882454,
2018.310160003, 1.001035714,
2018.330591684, 1.000627909,
2018.351023464, 1.000865453,
2018.371455045, 1.000836113,
2018.391886825, 1.000768723,
2018.412318505, 1.000925499,
2018.432750085, 1.000657061,
2018.453181865, 1.000887495,
2018.473613545, 1.000804605,
2018.494045125, 1.000998935,
2018.514476905, 1.000835830,
2018.534908484, 1.000802062,
2018.555340164, 1.000594278,
2018.575771943, 1.000748382,
2018.596203523, 1.000872841,
2018.616635302, 1.000680813,
2018.637066981, 1.000831887,
2018.657498660, 1.000709216,
2018.677930339, 1.000729061,
2018.698362018, 1.000730440,
2018.718793697, 1.000334047,
2018.739225376, 1.000429914,
2018.820952090, 1.000918376,
2018.841383868, 1.000562747,
2018.861815546, 1.003516872,
2018.882247124, 1.000789473,
2018.902678902, 1.000753252,
2018.943542158, 1.000685041,
2018.963973936, 1.000721045,
2018.984405614, 1.000835283,
2019.004837191, 1.000741569,
2019.025268969, 1.000654914,
2019.045700646, 1.000708122,
2019.066132223, 1.000615250,
2019.086564001, 1.000766591,
2019.106995678, 1.000607644,
2019.127427355, 1.000767762,
2019.147859032, 1.000789924,
2019.168290709, 1.000695139,
2019.188722386, 1.000773005,
2019.209154062, 1.000613613,
2019.229585739, 1.000555829,
2019.250017416, 1.000789426,
2019.270449092, 1.000646558,
2019.290880769, 1.000565688,
2019.311312445, 1.000456990,
2019.331744121, 1.000587628,
2019.352175898, 1.000659713,
2019.372607574, 1.000651429,
2019.393039150, 1.000435035,
2019.413470926, 1.000657942,
2019.433902601, 1.000554601,
2019.454334177, 1.000446843,
2019.474765953, 1.000611298,
2019.495197629, 1.000341966,
2019.515629204, 1.000350040,
2019.536060979, 1.000602883,
2019.556492655, 1.000426288,
2019.576924230, 1.000545091,
2019.597356005, 1.000456245,
2019.617787680, 1.000299747,
2019.638219455, 1.000429590,
2019.658651030, 1.000375255,
2019.679082705, 1.000160571,
2019.699514480, 1.000385314,
2019.719946055, 1.000292149,
2019.781241179, 1.000500874,
2019.801672753, 1.000417897,
2019.822104527, 1.000531144,
2019.842536202, 1.000480032,
2019.862967876, 1.000528077,
2019.883399550, 1.000444127,
2019.903831124, 1.000472922,
2019.924262898, 1.000368345,
2019.944694572, 1.000641851,
2019.965126146, 1.000515270,
2019.985557919, 1.000443478,
2020.005989593, 1.000117349,
2020.026421167, 1.000488188,
2020.046852940, 1.000233208,
2020.067284614, 1.000389161,
2020.087716187, 1.000470509,
2020.108147960, 1.000431390,
2020.128579633, 1.000457444,
2020.149011407, 1.000159780,
2020.169442980, 1.000334714,
2020.189874653, 1.000345100,
2020.210306426, 1.000376696,
2020.230737998, 1.000397816,
2020.251169671, 1.000128907,
2020.271601444, 1.000107429,
2020.292033116, 1.000286193,
2020.312464689, 1.000286395,
2020.332896461, 1.000508551,
2020.353328134, 1.000395105,
2020.373759806, 1.000141541,
2020.394191479, 1.000359895,
2020.414623151, 1.000530681,
2020.435054923, 1.000438352,
2020.455486495, 1.000261193,
2020.475918167, 1.000249618,
2020.496349839, 1.000148463,
2020.516781511, 1.000272251,
2020.537213182, 1.000331246,
2020.557644854, 1.000212329,
2020.578076526, 0.999977303,
2020.598508197, 0.999123119,
2020.618939869, 0.998782528,
2020.639371540, 0.998695358,
2020.659803311, 0.998794451,
2020.680234883, 0.999364392,
2020.700666554, 1.000230669,
2020.721098325, 1.000314438,
2020.741529896, 1.000190356,
2020.761961567, 0.999954667,
2020.782393338, 1.000102918,
2020.802825009, 1.000207190,
2020.823256580, 1.000137243,
2020.843688351, 1.000050458,
2020.864120021, 1.000236599,
2020.884551692, 1.000137729,
2020.904983362, 1.000346148,
2020.925415033, 1.000090942,
2020.945846703, 1.000164567,
2020.966278374, 1.000166336,
2020.986710044, 1.000084637,
2021.007141814, 1.000141906,
2021.027573384, 1.000051585,
2021.048005054, 1.000092238,
2021.068436824, 1.000202667,
2021.088868394, 1.000146147,
2021.109300064, 1.000179121,
2021.129731834, 1.000080710,
2021.150163404, 1.000005757,
2021.170595173, 0.999992168,
2021.191026843, 1.000083168,
2021.211458413, 1.000186818,
2021.231890182, 1.000088001,
2021.252321852, 1.000013231,
2021.272753421, 1.000116134,
2021.293185190, 1.000050655,
2021.313616760, 1.000235206,
2021.334048429, 1.000292024,
2021.354480198, 1.000006720,
2021.374911867, 1.000028564,
2021.395343536, 1.000066994,
2021.415775205, 0.999953969,
2021.436206874, 1.000126379,
2021.456638543, 1.000075281,
2021.477070211, 0.999910057,
2021.497501880, 1.000045939,
2021.517933649, 1.000072374,
2021.538365217, 1.000017864,
2021.558796886, 1.000059760,
2021.579228654, 0.999888954,
2021.599660223, 1.000059376,
2021.620091991, 1.000031459,
2021.640523659, 0.999978758,
2021.660955228, 1.000015244,
2021.681386996, 0.999945595,
2021.722250232, 1.000025697,
2021.742682000, 0.999947608,
2021.763113668, 1.000216651,
2021.783545236, 1.000049975,
2021.803977004, 0.999879110,
2021.824408671, 0.999821865,
2021.844840339, 0.999864958,
2021.865272007, 0.999917482,
2021.885703674, 1.000022604,
2021.906135342, 0.999951497,
2021.926567009, 0.999861633,
2021.946998677, 1.000129249,
2021.967430344, 0.999775651,
2021.987862011, 1.000025103,
2022.008293679, 1.000033778,
2022.028725446, 0.999980691,
2022.049157013, 1.000010021,
2022.069588680, 0.999907329,
2022.090020447, 0.999812004,
2022.110452014, 1.000027003,
2022.130883781, 1.000028500,
2022.151315448, 0.999921283,
2022.171747015, 1.000020916,
2022.192178782, 0.999890142,
2022.212610448, 1.000102644,
2022.233042015, 0.999941381,
2022.253473782, 1.000120008,
2022.273905448, 1.000103065,
2022.294337015, 1.000065523,
2022.314768781, 0.999992384,
2022.335200447, 0.999857730,
2022.355632214, 0.999973212,
2022.376063780, 0.999978172,
2022.396495446, 0.999953967,
2022.416927213, 1.000052842,
2022.478222211, 0.999698477,
2022.498653877, 0.999649247,
2022.519085443, 0.999804799,
2022.539517209, 0.999897519,
2022.559948874, 1.000024589,
2022.580380440, 0.999792318,
2022.600812206, 0.999722461,
2022.621243872, 0.999817715,
2022.641675537, 0.999815854,
2022.662107203, 0.999901608,
2022.682538769, 0.999786225,
2022.702970534, 0.999817541,
2022.723402200, 0.999907527,
2022.743833765, 0.999784742,
2022.764265530, 0.999718489,
2022.784697196, 0.999927325,
2022.805128761, 0.999860705,
2022.825560526, 0.999852731,
2022.845992191, 0.999816672,
2022.866423956, 0.999866791,
2022.886855522, 0.999789427,
2022.907287187, 0.999901742,
2022.927718952, 0.999948518,
2022.948150516, 0.999914153,
2022.968582181, 0.999967748,
2022.989013946, 0.999854171,
2023.009445611, 0.999944458,
2023.029877176, 0.999995657,
2023.050308941, 1.000047711,
2023.070740605, 0.999868126,
2023.091172270, 0.999835303,
2023.111603934, 0.999870016,
2023.132035599, 1.000017688,
2023.152467363, 0.999897998,
2023.193330592, 0.999652920,
2023.213762357, 0.999783132,
2023.234193921, 0.999840682,
2023.254625585, 0.999711054,
2023.275057350, 0.999757724,
2023.295488914, 0.999804062,
2023.315920578, 0.999755498,
2023.336352342, 0.999756600,
2023.356783906, 0.999856561,
2023.377215670, 0.999752907,
2023.397647234, 0.999755625,
2023.438510662, 0.999744509,
2023.458942226, 0.999805161,
2023.479373890, 0.999733017,
2023.499805653, 0.999720214,
2023.520237317, 0.999684985,
2023.540668881, 0.999584964,
2023.561100645, 0.999705517,
2023.581532308, 0.999671400,
2023.601963972, 0.999717590,
2023.622395636, 0.999599558,
2023.642827299, 0.999638273,
2023.724554053, 0.999543727,
2023.744985616, 0.999773900,
2023.765417279, 0.999750820,
2023.785849043, 0.999616244,
2023.806280606, 0.999468787,
2023.826712369, 0.999511734,
2023.847144032, 0.999465096,
2023.867575595, 0.999624849,
2023.888007358, 0.999620631,
2023.908439021, 0.999576392,
2023.928870584, 0.999556743,
2023.949302347, 0.999601743,
2023.969734010, 0.999458583,
2023.990165673, 0.999535761,
2024.010597336, 0.999487579,
2024.031028999, 0.999863111,
2024.051460662, 0.999576932,
2024.071892324, 0.999559850,
2024.092323987, 0.999530082,
2024.112755650, 0.999439840,
2024.133187312, 0.999540138,
2024.174050638, 0.999593349,
2024.194482300, 0.999522902,
2024.214913963, 0.999549815,
2024.235345725, 0.999551113,
2024.255777288, 0.999612306,
2024.276209050, 0.999913481,
2024.296640712, 0.999509504,
2024.317072275, 0.999673885,
2024.337504037, 0.999522877,
2024.357935699, 0.999559349,
2024.378367262, 0.999513576,
2024.419230686, 0.999498577,
2024.439662248, 0.999538433,
2024.460094010, 0.999443921,
2024.480525672, 0.999453103,
2024.500957434, 0.999490779,
2024.521388997, 0.999439508,
2024.541820659, 0.999458776,
2024.562252421, 0.999403421,
2024.582683982, 0.999451879,
2024.603115645, 0.999387569,
2024.623547406, 0.999374729,
2024.664410630, 0.999497890,
2024.684842392, 0.999396546,
2024.705274054, 0.999427032,
2024.725705715, 0.999458270,
2024.746137377, 0.999488782,
2024.766568939, 0.999301840,
2024.787000701, 0.999596637,
2024.807432362, 0.999415722,
2024.827863924, 0.999447738,
2024.848295685, 0.999405312,
2024.868727347, 0.999339842,
2024.909590670, 0.999386910,
2024.930022332, 0.999427119,
2024.950454093, 0.999354125,
2024.970885654, 0.999611763,
2024.991317316, 0.999461936,
2025.011749077, 0.999460192,
2025.032180639, 0.999682699,
2025.052612300, 0.999584352,
2025.073044061, 0.999476400,
2025.093475623, 0.999506902,
2025.113907284, 0.999440126,
2025.154770706, 0.999377092,
2025.175202368, 0.999490807,
2025.195634029, 0.999352769,
2025.216065690, 0.999558329,
2025.236497351, 0.999453118,
2025.256929012, 0.999398745,
2025.277360673, 0.999577390,
2025.297792434, 0.999480952,
2025.318223995, 0.999440211,
2025.338655656, 0.999422701,
2025.359087417, 0.999449639,
2025.399950739, 0.999224816,
2025.420382300, 0.999367470,
2025.440813961, 0.999391551,
2025.461245722, 0.999432083,
2025.481677283, 0.999426962,
2025.502108944, 0.999361012,
2025.522540705, 0.999374424,
2025.542972265, 0.999379934,
2025.563403926, 0.999441998,
2025.583835687, 0.999536947,
2025.604267248, 0.999363184,
2025.685993991, 0.999392229,
2025.706425651, 0.999321861,
2025.726857312, 0.999521058,
2025.747288973, 0.999729324,
2025.767720633, 0.999364850,
2025.788152294, 0.999267021,
2025.808583955, 0.999783518,
2025.829015615, 0.999483188,
2025.849447376, 0.999486446,
2025.890310597, 0.999465894,
2025.910742357, 0.999550253,
2025.931174018, 0.999563143,
2025.951605578, 0.999721400,
2025.972037339, 0.999482187,
2025.992468999, 0.999421435,
2026.012900560, 0.999524180,
2026.033332320, 0.999534987,
2026.053763980, 0.999384245,
2026.074195641, 0.999480098,
2026.094627301, 0.999546795,
2026.155922282, 0.999637469,
2026.176353842, 0.999511924,
2026.196785603, 0.999568912,
2026.217217263, 0.999611068,
2026.237648923, 0.999754529,
2026.258080584, 0.999570114,
2026.278512244, 0.999488350,
2026.298944004, 0.999613626,
2026.319375564, 0.999493233,
2026.339807225, 0.999578414,
2026.401102205, 0.999633502,
2026.421533965, 0.999631140,
2026.441965626, 0.999592941,
2026.462397186, 0.999518141,
2026.482828946, 0.999646906,
2026.503260606, 0.999613755,
2026.523692366, 0.999677134,
2026.564555586, 0.999643274,
2026.584987347, 0.999444529,
2026.605418907, 0.999644047,
2026.625850567, 0.999503565,
2026.646282327, 0.999685638,
2026.666713887, 0.999589829,
2026.687145547, 0.999677007,
2026.707577307, 0.999609948,
2026.728008867, 0.999735023,
2026.748440627, 0.999612920,
2026.768872287, 0.999470002,
2026.789303847, 0.999600943,
2026.809735607, 0.999569128,
2026.830167167, 0.999649075,
2026.871030587, 0.999572892,
2026.891462147, 0.999690967,
2026.911893807, 0.999671692,
2026.932325567, 0.999701651,
2026.952757227, 0.999614856,
2026.973188887, 0.999565051,
2026.993620547, 0.999801336,
2027.014052207, 0.999686243,
2027.034483967, 0.999856444,
2027.054915527, 0.999986450,
2027.116210507, 0.999682989,
2027.136642167, 0.999662674,
2027.157073927, 0.999607871,
2027.177505487, 0.999623348,
2027.197937247, 0.999664318,
2027.218368907, 0.999751066,
2027.238800467, 0.999576936,
2027.259232227, 0.999565289,
2027.279663887, 0.999709118,
2027.300095446, 0.999705359,
2027.381822186, 0.999466745,
2027.402253846, 0.999622279,
2027.422685606, 0.999730229,
2027.443117166, 0.999683808,
2027.463548826, 0.999594562,
2027.483980486, 0.999557645,
2027.504412246, 0.999626213,
2027.524843806, 0.999544884,
2027.545275566, 0.999594940,
2027.565707125, 0.999467056,
2027.627002105, 0.999543813,
2027.647433865, 0.999592139,
2027.667865525, 0.999584953,
2027.688297085, 0.999792092,
2027.708728845, 0.999476342,
2027.729160505, 0.999501542,
2027.749592065, 0.999785415,
2027.770023825, 0.999666244,
2027.790455485, 0.999487599,
2027.810887245, 0.999541762,
2027.872182225, 0.999460132,
2027.892613785, 0.999512412,
2027.913045445, 0.999598886,
2027.933477205, 0.999846909,
2027.953908765, 0.999704962,
2027.974340425, 0.999576334,
2027.994772185, 0.999548744,
2028.035635505, 0.999529317,
2028.056067165, 0.999478667,
2028.076498825, 0.999508848,
2028.096930485, 0.999485364,
2028.178657125, 0.999470454,
2028.199088785, 0.999467809,
2028.219520445, 0.999501087,
2028.239952105, 0.999579824,
2028.260383865, 0.999453271,
2028.280815425, 0.999466410,
2028.301247085, 0.999449319,
2028.342110406, 0.999407710,
2028.362542066, 0.999580350,
2028.382973826, 0.999494635,
2028.403405386, 0.999590793,
2028.423837146, 0.999493501,
2028.444268806, 0.999585954,
2028.464700367, 0.999475284,
2028.485132127, 0.999448934,
2028.505563787, 0.998978186,
2028.525995347, 0.998656765,
2028.546427107, 0.998733323,
2028.607722088, 0.998735428,
2028.628153749, 0.998898338,
2028.648585509, 0.999492311,
2028.669017069, 0.999498816,
2028.689448729, 0.999524476,
2028.709880490, 0.999512008,
2028.750743710, 0.999604897,
2028.771175471, 0.999402997,
2028.791607131, 0.999490379,
2028.852902112, 0.999659169,
2028.873333773, 0.999485220,
2028.893765433, 0.999476613,
2028.914196994, 0.999661518,
2028.934628754, 0.999478713,
2028.955060415, 0.999570161,
2028.975491975, 0.999452629,
2028.995923736, 0.999453398,
2029.016355396, 0.999512930,
2029.036786957, 0.999511600,
2029.057218717, 0.999489363,
2029.077650378, 0.999469261,
2029.098082139, 0.999505706,
2029.118513699, 0.999604390,
2029.138945360, 0.999414395,
2029.179808681, 0.999544378,
2029.200240342, 0.999521219,
2029.220672103, 0.999473124,
2029.241103763, 0.999552415,
2029.261535424, 0.999452939,
2029.281967085, 0.999668432,
2029.343262067, 0.999458898,
2029.363693728, 0.999465897,
2029.384125489, 0.999498120,
2029.404557050, 0.999437004,
2029.424988711, 0.999510874,
2029.465852033, 0.999476693,
2029.486283793, 0.999404912,
2029.506715454, 0.999415287,
2029.588441999, 0.999570101,
2029.608873760, 0.999824697,
2029.629305321, 0.999447551,
2029.649736982, 0.999484495,
2029.670168743, 0.999524746,
2029.690600304, 0.999516185,
2029.711032065, 0.999511049,
2029.731463727, 0.999521722,
2029.751895388, 0.999358238,
2029.772327049, 0.999654989,
2029.833622033, 0.999508566,
2029.854053695, 0.999578433,
2029.874485456, 0.999518991,
2029.894917117, 0.999581305,
2029.915348679, 0.999400068,
2029.935780440, 0.999675514,
2029.956212102, 0.999418915,
2029.976643663, 0.999416317,
2029.997075425, 0.999454634,
2030.017507086, 0.999400031,
2030.058370410, 0.999497372,
2030.078802071, 0.999521587,
2030.099233833, 0.999536920,
2030.119665395, 0.999758827,
2030.140097056, 0.999433586,
2030.160528818, 0.999424917,
2030.180960380, 0.999509177,
2030.201392042, 0.999585038,
2030.221823704, 0.999495213,
2030.242255365, 0.999469631,
2030.283118689, 0.999537518,
2030.303550351, 0.999352993,
2030.323982113, 0.999456416,
2030.344413675, 0.999456253,
2030.364845337, 0.999342797,
2030.385277099, 0.999304762,
2030.405708761, 0.999484498,
2030.426140324, 0.999434666,
2030.446572086, 0.999315795,
2030.467003748, 0.999444376,
2030.487435410, 0.999544056,
2030.507867072, 0.999362694,
2030.548730397, 0.999510442,
2030.569162059, 0.999515570,
2030.589593722, 0.999525993,
2030.610025484, 0.999479798,
2030.630457047, 0.999399856,
2030.650888709, 0.998279689,
2030.671320472, 0.998111395,
2030.691752034, 0.997948005,
2030.712183797, 0.998065329,
2030.732615459, 0.998440478,
2030.753047022, 0.999434549,
2030.793910447, 0.999509992,
2030.814342010, 0.999469007,
2030.834773773, 0.999521195,
2030.855205436, 0.999534474,
2030.875637098, 0.999538081,
2030.896068761, 0.999505830,
2030.916500424, 0.999399347,
2030.936932087, 0.999523789,
2030.957363750, 0.999837073,
2030.977795413, 0.999573306,
2030.998227076, 0.999522902,
2031.059522166, 0.999503944,
2031.079953729, 0.999608945,
2031.100385492, 0.999575825,
2031.120817155, 0.999439316,
2031.141248719, 0.999497838,
2031.161680482, 0.999577804,
2031.182112145, 0.999366960,
2031.202543709, 0.999450692,
2031.222975472, 0.999308330,
2031.243407136, 0.999363708,
2031.284270463, 0.999542884,
2031.304702127, 0.999515363,
2031.325133890, 0.999466977,
2031.345565454, 0.999476906,
2031.365997118, 0.999488310,
2031.386428882, 0.999384321,
2031.406860445, 0.999327650,
2031.427292109, 0.999382311,
2031.447723873, 0.999337860,
2031.468155437, 0.999382378,
2031.488587201, 0.999344174,
2031.549882193, 0.999332688,
2031.570313857, 0.999274112,
2031.611177186, 0.999422196,
2031.631608850, 0.999320947,
2031.652040414, 0.999371004,
2031.672472179, 0.999564456,
2031.692903843, 0.999481875,
2031.713335508, 0.999297379,
2031.733767172, 0.999334653,
2031.795062166, 0.999386881,
2031.815493831, 0.999354074,
2031.835925595, 0.999484204,
2031.856357160, 0.999473649,
2031.876788925, 0.999517165,
2031.897220590, 0.999441945,
2031.917652155, 0.999184251,
2031.938083919, 0.999230679,
2031.958515584, 0.999184635,
2031.978947149, 0.999182363,
2032.019810580, 0.999311758,
2032.040242245, 0.999411735,
2032.060673910, 0.999438205,
2032.081105575, 0.999463381,
2032.101537341, 0.999224868,
2032.121968906, 0.999292796,
2032.142400571, 0.999439510,
2032.162832337, 0.999341490,
2032.183263902, 0.999330464,
2032.203695568, 0.999308092,
2032.224127333, 0.999245162,
2032.285422330, 0.999225009,
2032.305853896, 0.999224371,
2032.326285662, 0.999285198,
2032.346717328, 0.999206908,
2032.367148894, 0.999184323,
2032.387580660, 0.999276548,
2032.408012326, 0.999272104,
2032.428443892, 0.999001039,
2032.448875658, 0.999217685,
2032.489739091, 0.999203319,
2032.510170657, 0.999162105,
2032.530602323, 0.999077123,
2032.551034090, 0.999154433,
2032.571465656, 0.999064797,
2032.591897323, 0.998994975,
2032.612329089, 0.999013666,
2032.632760656, 0.999171441,
2032.653192422, 0.999041503,
2032.673624089, 0.999154420,
2032.694055656, 0.999365873,
2032.714487423, 0.999127469,
2032.755350756, 0.999181154,
2032.775782423, 0.999182207,
2032.796214090, 0.999091522,
2032.816645758, 0.999003259,
2032.837077425, 0.999093194,
2032.857509092, 0.999129373,
2032.877940759, 0.999241676,
2032.898372526, 0.999216161,
2032.918804094, 0.999136673,
2032.939235861, 0.999179431,
2032.959667429, 0.999063154,
2033.000530864, 0.999109529,
2033.020962431, 0.999074290,
2033.041394199, 0.999111328,
2033.061825867, 0.999106164,
2033.082257435, 0.998997367,
2033.102689203, 0.999031271,
2033.123120870, 0.999092688,
2033.143552438, 0.999047320,
2033.163984206, 0.999016126,
2033.184415875, 0.999161416,
2033.204847443, 0.998995672,
2033.266142648, 0.999137135,
2033.286574216, 0.998981954,
2033.307005884, 0.999089130,
2033.327437653, 0.998878523,
2033.347869221, 0.998982089,
2033.368300890, 0.999077726,
2033.388732659, 0.999059021,
2033.409164327, 0.999032782,
2033.429595996, 0.998947397,
2033.511322672, 0.999018867,
2033.531754341, 0.999034677,
2033.552186110, 0.999018977,
2033.572617680, 0.999101439,
2033.593049449, 0.999039654,
2033.613481018, 0.998908759,
2033.633912688, 0.999129902,
2033.654344457, 0.999113842,
2033.674776027, 0.998897933,
2033.695207696, 0.999057765,
2033.736071036, 0.999211886,
2033.756502706, 0.998992818,
2033.776934475, 0.999033628,
2033.797366045, 0.999204825,
2033.817797815, 0.999200820,
2033.838229485, 0.998985903,
2033.879092826, 0.998968320,
2033.899524496, 0.998846338,
2033.919956166, 0.998917299,
2033.940387837, 0.999010426,
2033.981251278, 0.998931957,
2034.001682848, 0.998860339,
2034.022114519, 0.998898939,
2034.042546290, 0.998907573,
2034.062977960, 0.998880246,
2034.083409531, 0.999029536,
2034.103841302, 0.998864043,
2034.124272973, 0.999025645,
2034.144704544, 0.999111464,
2034.165136315, 0.998975478,
2034.185567987, 0.999027967,
2034.246863001, 0.998945330,
2034.267294672, 0.999056933,
2034.287726344, 0.999101081,
2034.308158015, 0.999005621,
2034.328589687, 0.999073568,
2034.349021359, 0.999073670,
2034.369453130, 0.999064248,
2034.389884702, 0.999057899,
2034.410316374, 0.998948940,
2034.430748146, 0.999001658,
2034.471611391, 0.999120083,
2034.492043163, 0.998899401,
2034.512474735, 0.999121422,
2034.532906408, 0.999105233,
2034.553338180, 0.998986097,
2034.573769752, 0.999161581,
2034.594201525, 0.998972719,
2034.614633198, 0.999033740,
2034.635064870, 0.999039138,
2034.655496543, 0.999021050,
2034.675928216, 0.999086685,
2034.737223235, 0.999131768,
2034.757655008, 0.998992945,
2034.778086682, 0.999144054,
2034.798518255, 0.999149805,
2034.818950028, 0.999028478,
2034.839381702, 0.999101239,
2034.859813276, 0.998918087,
2034.880245049, 0.999047485,
2034.900676723, 0.999261556,
2034.921108297, 0.999144835,
2034.982403418, 0.999001396,
2035.002835093, 0.998954655,
2035.023266667, 0.998967951,
2035.043698441, 0.999045197,
2035.064130115, 0.999117954,
2035.084561690, 0.999083155,
2035.104993464, 0.999103776,
2035.125425139, 0.998990222,
2035.145856913, 0.998928595,
2035.166288488, 0.998942688,
2035.207151938, 0.999046746,
2035.227583513, 0.998944639,
2035.248015188, 0.999040994,
2035.268446963, 0.999001000,
2035.288878638, 0.998973071,
2035.309310313, 0.999019094,
2035.329741988, 0.999074482,
2035.350173664, 0.998904220,
2035.370605339, 0.998818240,
2035.391037015, 0.998893517,
2035.411468691, 0.998928829,
2035.472763718, 0.999130503,
2035.493195494, 0.998932979,
2035.513627070, 0.998992895,
2035.534058846, 0.999161496,
2035.554490522, 0.998871705,
2035.574922099, 0.999004381,
2035.595353875, 0.998914516,
2035.615785552, 0.999026590,
2035.636217128, 0.998899144,
2035.656648905, 0.999036927,
2035.717943935, 0.998907873,
2035.738375512, 0.999149114,
2035.758807289, 0.998968655,
2035.779238966, 0.998993732,
2035.799670644, 0.999049626,
2035.820102321, 0.999068553,
2035.840533998, 0.998987528,
2035.860965776, 0.999049816,
2035.881397353, 0.998990479,
2035.901829031, 0.999013821,
2035.963124064, 0.999028580,
2035.983555842, 0.999040003,
2036.003987521, 0.998985185,
2036.024419099, 0.999004230,
2036.044850877, 0.998859729,
2036.065282555, 0.999114525,
2036.085714334, 0.998908914,
2036.106145912, 0.999096595,
2036.126577591, 0.999048378,
2036.147009370, 0.998895063,
2036.187872627, 0.998943067,
2036.208304406, 0.998936041,
2036.228735985, 0.998942585,
2036.249167764, 0.998858460,
2036.269599344, 0.998951181,
2036.290031023, 0.998994830,
2036.310462802, 0.998941893,
2036.330894482, 0.998992809,
2036.351326061, 0.999009475,
2036.371757841, 0.998973068,
2036.453484461, 0.999013987,
2036.473916241, 0.998969356,
2036.494347921, 0.998948918,
2036.514779601, 0.998997603,
2036.535211282, 0.998950675,
2036.555642962, 0.998858453,
2036.576074643, 0.998942699,
2036.596506423, 0.999086972,
2036.616938004, 0.999010732,
2036.637369785, 0.998970865,
2036.698664828, 0.998946006,
2036.719096509, 0.999064584,
2036.739528091, 0.999084387,
2036.759959872, 0.999054118,
2036.780391554, 0.999043896,
2036.800823335, 0.999086160,
2036.821254917, 0.998987370,
2036.841686599, 0.999164123,
2036.862118381, 0.999106169,
2036.882549963, 0.999018500,
2036.943845009, 0.998925569,
2036.964276692, 0.998962366,
2036.984708474, 0.999020513,
2037.005140057, 0.998956342,
2037.025571839, 0.999095080,
2037.046003422, 0.999037155,
2037.066435105, 0.999022778,
2037.086866888, 0.998968042,
2037.107298571, 0.999013696,
2037.127730154, 0.999092919,
2037.189025304, 0.998962366,
2037.209456988, 0.998954898,
2037.229888671, 0.998989782,
2037.250320355, 0.999015779,
2037.270752039, 0.999041333,
2037.291183723, 0.998894131,
2037.311615507, 0.998993136,
2037.332047091, 0.998872310,
2037.352478875, 0.999029762,
2037.372910559, 0.998889821,
2037.434205613, 0.999013968,
2037.454637198, 0.999039048,
2037.475068983, 0.999054107,
2037.495500668, 0.998944431,
2037.515932253, 0.999084966,
2037.536364038, 0.999698613,
2037.556795723, 0.999063302,
2037.597659094, 0.999086482,
2037.618090779, 0.999139179,
2037.679385837, 0.999102436,
2037.699817523, 0.999003875,
2037.720249209, 0.998522205,
2037.740680995, 0.998341406,
2037.761112581, 0.998190845,
2037.781544268, 0.998119770,
2037.801976054, 0.998388105,
2037.822407741, 0.998381183,
2037.842839327, 0.998464884,
2037.863271114, 0.998654689,
2037.904134488, 0.998996565,
2037.924566175, 0.998987012,
2037.944997862, 0.999013356,
2037.965429650, 0.998914578,
2037.985861237, 0.999281265,
2038.006292925, 0.999196626,
2038.026724712, 0.998997985,
2038.047156300, 0.999150099,
2038.067587988, 0.998941037,
2038.088019776, 0.998855535,
2038.169746429, 0.999069731,
2038.190178218, 0.999005845,
2038.210609906, 0.999123158,
2038.231041495, 0.999012796,
2038.251473284, 0.998972122,
2038.271904973, 0.998993822,
2038.292336662, 0.998991247,
2038.312768351, 0.999044404,
2038.333200040, 0.998969878,
2038.374063419, 0.998938082,
2038.394495109, 0.999173810,
2038.414926798, 0.999156844,
2038.435358488, 0.999015395,
2038.455790278, 0.998924838,
2038.476221968, 0.999029414,
2038.496653558, 0.998892420,
2038.517085349, 0.998950380,
2038.537517039, 0.999171953,
2038.557948630, 0.998968475,
2038.578380420, 0.999205933,
2038.598812111, 0.999002860,
2038.660107184, 0.999231827,
2038.680538975, 0.998981221,
2038.700970566, 0.999070999,
2038.721402258, 0.998945761,
2038.741834049, 0.999162441,
2038.762265641, 0.999164447,
2038.782697332, 0.999114246,
2038.803129124, 0.999409508,
2038.823560716, 0.999093300,
2038.843992508, 0.999069837,
2038.884855793, 0.999032888,
2038.905287585, 0.999067284,
2038.925719278, 0.999197544,
2038.946150971, 0.999151686,
2038.966582663, 0.999166222,
2038.987014356, 0.999123442,
2039.007446049, 0.999136548,
2039.027877742, 0.999167318,
2039.048309436, 0.999124457,
2039.068741129, 0.999052574,
2039.130036310, 0.999189331,
2039.150467904, 0.999138483,
2039.170899598, 0.999122713,
2039.191331392, 0.999231507,
2039.211762986, 0.999262748,
2039.232194780, 0.999177691,
2039.252626475, 0.999235317,
2039.273058069, 0.999245250,
2039.293489864, 0.999240992,
2039.313921559, 0.999239750,
2039.334353154, 0.999340470,
2039.416080034, 0.999205938,
2039.436511730, 0.999199127,
2039.456943525, 0.999348847,
2039.477375121, 0.999264890,
2039.497806817, 0.999252529,
2039.518238613, 0.999423784,
2039.538670209, 0.999383143,
2039.559101906, 0.999249736,
2039.599965398, 0.999295031,
2039.620397095, 0.999521280,
2039.640828792, 0.999271881,
2039.661260389, 0.999375965,
2039.681692186, 0.999290029,
2039.702123883, 0.999289480,
2039.722555480, 0.999741483,
2039.742987277, 0.999564004,
2039.763418975, 0.999374608,
2039.783850772, 0.999370184,
2039.804282370, 0.999378427,
2039.824714068, 0.999373225,
2039.886009162, 0.999277858,
2039.906440960, 0.999361861,
2039.926872559, 0.999300921,
2039.947304258, 0.999317816,
2039.967736056, 0.999481523,
2039.988167655, 0.999279908,
2040.008599454, 0.999369382,
2040.029031153, 0.999455162,
2040.049462752, 0.999489747,
2040.069894552, 0.999377012,
2040.110757851, 0.999361000,
2040.131189651, 0.999512580,
2040.151621350, 0.999387778,
2040.172053150, 0.999396270,
2040.192484751, 0.999386989,
2040.212916451, 0.999381521,
2040.233348251, 0.999443369,
2040.253779952, 0.999592970,
2040.274211552, 0.999591391,
2040.294643353, 0.999456763,
2040.315075054, 0.999534132,
2040.376370158, 0.999554092,
2040.396801859, 0.999587969,
2040.417233560, 0.999675253,
2040.437665162, 0.999455125,
2040.458096964, 0.999571746,
2040.478528666, 0.999524783,
2040.498960268, 0.999623013,
2040.519392070, 0.999539086,
2040.539823773, 0.999605483,
2040.560255575, 0.999555915,
2040.621550683, 0.999423007,
2040.641982286, 0.999554925,
2040.662413989, 0.999613864,
2040.682845793, 0.999713256,
2040.703277396, 0.998601190,
2040.723709200, 0.998335876,
2040.744140903, 0.998410797,
2040.764572607, 0.998531417,
2040.785004311, 0.998600450,
2040.846299424, 0.999671451,
2040.866731128, 0.999842878,
2040.887162933, 0.999895482,
2040.907594537, 0.999712554,
2040.928026242, 0.999803652,
2040.948458047, 0.999852158,
2040.968889752, 0.999702529,
2040.989321358, 0.999745344,
2041.009753163, 0.999739953,
2041.030184769, 0.999794263,
2041.050616474, 0.999668622,
2041.111911692, 0.999757713,
2041.152775005, 0.999854116,
2041.173206812, 0.999856263,
2041.193638518, 0.999701775,
2041.214070125, 0.999666986,
2041.234501932, 0.999876826,
2041.254933639, 0.999708843,
2041.275365446, 0.999765452,
2041.295797054, 0.999812495,
2041.377523884, 0.999929902,
2041.397955692, 0.999833707,
2041.418387301, 0.999694513,
2041.438819009, 0.999776000,
2041.459250818, 1.000084617,
2041.479682526, 0.999861308,
2041.500114235, 1.000116016,
2041.520545944, 1.000067817,
2041.540977653, 0.999900743,
2041.561409362, 1.000006275,
2041.581841071, 1.000051351,
2041.602272781, 0.999872113,
2041.622704590, 0.999820972,
2041.643136200, 1.000015903,
2041.663568010, 0.999992754,
2041.683999620, 1.000064171,
2041.704431330, 0.999865384,
2041.745294751, 0.999975374,
2041.765726462, 0.999818838,
2041.786158273, 0.999847428,
2041.827021694, 1.000002142,
2041.847453406, 0.999859759,
2041.867885017, 1.000019813,
2041.888316828, 0.999904577,
2041.908748540, 0.999982856,
2041.929180152, 1.000085550,
2041.949611964, 1.000069955,
2041.970043676, 0.999988614,
2041.990475388, 0.999989850,
2042.010907101, 0.999936054,
2042.031338813, 0.999907042,
2042.092633951, 0.999864171,
2042.113065765, 0.999901185,
2042.133497478, 1.000004168,
2042.153929091, 0.999983346,
2042.174360905, 0.999919373,
2042.194792618, 0.999902980,
2042.215224332, 1.000010112,
2042.235656046, 1.000032071,
2042.256087760, 1.000010184,
2042.337814618, 0.999956785,
2042.358246333, 0.999978715,
2042.378678148, 0.999939283,
2042.399109764, 1.000038012,
2042.419541479, 1.000005046,
2042.439973294, 1.000070255,
2042.460404910, 0.999931049,
2042.480836626, 1.000070106,
2042.501268442, 1.000016145,
2042.521700058, 1.000138141,
2042.542131774, 1.000011944,
2042.562563590, 1.000128744,
2042.582995207, 1.000275911,
2042.603427024, 1.000237934,
2042.623858741, 1.000219046,
2042.644290458, 1.000257015,
2042.664722175, 1.000292508,
2042.685153892, 1.000150578,
2042.705585609, 1.000236276,
2042.726017327, 1.000343333,
2042.746449045, 1.000217200,
2042.766880863, 1.000285213,
2042.828176017, 1.000267289,
2042.848607736, 1.000328950,
2042.869039355, 1.000326623,
2042.889471174, 1.000258238,
2042.909902893, 1.000345550,
2042.930334612, 1.000437697,
2042.950766331, 1.000270048,
2042.971198051, 1.000225472,
2042.991629770, 1.000254925,
2043.012061490, 1.000165364,
2043.073356650, 1.000313479,
2043.093788271, 1.000317471,
2043.114220091, 1.000200560,
2043.134651812, 1.000162160,
2043.155083633, 1.000083834,
2043.175515254, 1.000267610,
2043.195946975, 1.000295659,
2043.216378796, 1.000287035,
2043.257242140, 1.000398966,
2043.318537406, 1.000534235,
2043.338969128, 1.000308884,
2043.359400850, 1.000166417,
2043.379832573, 1.000341935,
2043.400264296, 1.000485885,
2043.420696019, 1.000575681,
2043.441127842, 1.000525114,
2043.461559465, 1.000342253,
2043.481991289, 1.000496737,
2043.502423012, 1.000438098,
2043.543286460, 1.000369519,
2043.563718184, 1.000593574,
2043.584149808, 1.000341857,
2043.604581633, 1.000677011,
2043.625013357, 1.000450341,
2043.645445182, 1.000691948,
2043.665876807, 1.000432385,
2043.686308532, 1.000401471,
2043.706740257, 1.000538661,
2043.727171983, 1.000636483,
2043.747603608, 1.000707453,
2043.788467160, 1.000283426,
2043.808898786, 1.000608832,
2043.849762338, 1.000357436,
2043.870194165, 1.000569886,
2043.890625792, 1.000487293,
2043.911057518, 1.000495710,
2043.951920973, 1.000543832,
2043.972352700, 1.000622821,
2043.992784528, 1.000583525,
2044.033647983, 1.000638113,
2044.054079711, 1.000685124,
2044.074511439, 1.000462611,
2044.094943168, 1.000616771,
2044.115374896, 1.000727242,
2044.135806625, 1.000463318,
2044.156238454, 1.000416829,
2044.176670083, 1.000565303,
2044.197101912, 1.000529435,
2044.217533641, 1.000700037,
2044.299260461, 1.000603510,
2044.319692291, 1.000514170,
2044.340124021, 1.000693969,
2044.360555652, 1.000677903,
2044.380987483, 1.000826061,
2044.401419113, 1.000443657,
2044.421850944, 1.000548631,
2044.442282676, 1.000572812,
2044.462714307, 1.000570914,
2044.544441334, 1.000686600,
2044.585304899, 1.000591740,
2044.605736532, 1.000687199,
2044.626168265, 1.000781391,
2044.646600097, 1.000664509,
2044.667031831, 1.000683068,
2044.687463464, 1.000536765,
2044.728327031, 1.000710184,
2044.748758765, 1.000791577,
2044.769190499, 1.000704294,
2044.789622233, 1.000626079,
2044.810054067, 1.000692791,
2044.830485702, 1.000696850,
2044.850917436, 1.000774239,
2044.871349271, 1.000641659,
2044.891780906, 1.000755887,
2044.912212642, 1.000696200,
2044.932644477, 1.000776875,
2044.953076113, 1.000749766,
2044.973507948, 1.000807418,
2045.034803157, 1.000623226,
2045.055234893, 1.000681435,
2045.075666530, 1.000743958,
2045.096098366, 1.000893124,
2045.116530003, 1.000642684,
2045.136961841, 1.000736975,
2045.157393578, 1.000728486,
2045.177825215, 1.000735860,
2045.198257053, 1.000680448,
2045.218688791, 1.000686848,
2045.279984006, 1.000936687,
2045.300415844, 1.001675660,
2045.320847583, 1.000991424,
2045.341279222, 1.000770515,
2045.361711061, 1.000781795,
2045.382142800, 1.000936910,
2045.402574440, 1.000725499,
2045.423006279, 1.001003235,
2045.443438019, 1.000625641,
2045.463869659, 1.000743205,
2045.525165080, 1.000878561,
2045.545596721, 1.000817076,
2045.566028462, 1.000766835,
2045.586460303, 1.000740521,
2045.606891944, 1.001031725,
2045.627323686, 1.000933884,
2045.647755527, 1.001102891,
2045.668187169, 1.000764371,
2045.688619011, 1.000831387,
2045.709050754, 1.000995645,
2045.729482396, 1.001123003,
2045.749914238, 1.000983419,
2045.770345881, 1.000895747,
2045.790777624, 1.000741718,
2045.811209467, 1.000676923,
2045.831641211, 1.000726203,
2045.852072954, 1.000847970,
2045.872504698, 1.000754925,
2045.892936442, 1.000718368,
2045.913368186, 1.000739094,
2045.933799930, 1.000730713,
2045.954231674, 1.000817925,
2046.015527009, 1.000882996,
2046.035958754, 1.000873616,
2046.056390399, 1.000888920,
2046.076822245, 1.000780293,
2046.097253990, 1.000849870,
2046.117685636, 1.000867439,
2046.138117482, 1.000769807,
2046.158549229, 1.000820259,
2046.178980875, 1.000908208,
2046.199412722, 1.000791334,
2046.260707963, 1.000756724,
2046.281139710, 1.000704696,
2046.301571558, 1.000920596,
2046.322003205, 1.000929909,
2046.342434953, 1.000778506,
2046.362866702, 1.000730831,
2046.383298450, 1.000879495,
2046.403730298, 1.000806390,
2046.424161947, 1.000734159,
2046.444593696, 1.000749366,
2046.485457195, 1.000959009,
2046.505888944, 1.000978851,
2046.526320794, 1.000942975,
2046.546752544, 1.000756486,
2046.567184294, 1.000796353,
2046.587616044, 1.000902131,
2046.628479545, 1.000837100,
2046.648911296, 1.000893835,
2046.669343047, 1.000688503,
2046.689774898, 1.001036064,
2046.730638301, 1.000896285,
2046.751070153, 1.000908025,
2046.771501805, 1.000951277,
2046.791933657, 1.000857493,
2046.812365409, 1.000958567,
2046.832797062, 1.000906088,
2046.853228915, 1.000918529,
2046.873660668, 1.000822605,
2046.894092321, 1.000885225,
2046.914524174, 1.000770274,
2046.934955928, 1.000882721,
2046.996251189, 1.000903765,
2047.016682944, 1.000913693,
2047.037114698, 1.001008803,
2047.057546453, 1.000946635,
2047.077978208, 1.000954989,
2047.098409963, 1.000829395,
2047.118841818, 1.000953568,
2047.139273474, 1.000804575,
2047.159705229, 1.000882458,
2047.180137085, 1.000810845,
2047.241432354, 1.000855115,
2047.261864111, 1.000658051,
2047.282295768, 1.000842554,
2047.302727625, 1.000836926,
2047.323159382, 1.000841197,
2047.343591239, 1.001012175,
2047.364022897, 1.000743621,
2047.384454655, 1.000828525,
2047.404886513, 1.000789009,
2047.425318171, 1.000849461,
2047.486613447, 1.000852547,
2047.507045307, 1.000710568,
2047.527477066, 1.000940535,
2047.547908725, 1.001241390,
2047.568340585, 1.001014489,
2047.588772345, 1.000913366,
2047.609204005, 1.000843718,
2047.629635865, 1.000732275,
2047.650067626, 1.000816790,
2047.670499386, 1.000909570,
2047.690931147, 1.000973025,
2047.711362908, 1.000924637,
2047.731794770, 1.000845624,
2047.752226431, 1.000703158,
2047.772658193, 1.000678909,
2047.793089955, 1.000717316,
2047.813521717, 1.000801515,
2047.833953479, 1.000952709,
2047.854385342, 1.000722141,
2047.874817004, 1.000770351,
2047.895248867, 1.000905986,
2047.915680630, 1.000910766,
2047.976975921, 1.000589352,
2047.997407585, 1.000810497,
2048.017839449, 1.000886259,
2048.038271214, 1.000766533,
2048.058703078, 1.000848243,
2048.079134743, 1.000703806,
2048.099566508, 1.000769755,
2048.119998373, 1.000730769,
2048.160861804, 1.000926697,
2048.181293670, 1.000893645,
2048.201725336, 1.000778482,
2048.222157202, 1.000789068,
2048.242588968, 1.000701185,
2048.263020635, 1.000774713,
2048.283452502, 1.000669480,
2048.303884269, 1.000936516,
2048.324316036, 1.000751840,
2048.344747804, 1.000680846,
2048.365179571, 1.000827713,
2048.385611239, 1.000783248,
2048.406043107, 1.000727073,
2048.467338413, 1.000692623,
2048.487770182, 1.000718559,
2048.508202051, 1.000740316,
2048.528633720, 1.000792316,
2048.549065490, 1.000750415,
2048.569497359, 1.000713420,
2048.589929030, 1.000758954,
2048.610360900, 1.000818304,
2048.630792670, 1.000830385,
2048.651224341, 1.000794229,
2048.712519654, 1.000634247,
2048.732951525, 1.000723319,
2048.753383297, 1.000821499,
2048.773815169, 1.000672579,
2048.794246841, 1.000789558,
2048.814678613, 1.000678194,
2048.835110486, 1.000749618,
2048.855542159, 1.000760444,
2048.875973932, 1.000758016,
2048.896405805, 1.000801692,
2048.916837478, 1.000764425,
2048.937269252, 1.000691321,
2048.957701125, 1.000786607,
2048.978132899, 1.000761483,
2048.998564674, 1.000717535,
2049.018996448, 1.000656963,
2049.039428223, 1.000642842,
2049.059859998, 1.000682961,
2049.080291773, 1.000660516,
2049.100723548, 1.000711676,
2049.121155324, 1.000672272,
2049.141587099, 1.000724792,
2049.202882428, 1.000946857,
2049.223314305, 1.001036005,
2049.243745982, 1.000420547,
2049.264177759, 1.000516083,
2049.284609636, 1.000670661,
2049.305041313, 1.000639935,
2049.325473091, 1.000756955,
2049.345904969, 1.000818370,
2049.366336647, 1.000464915,
2049.386768526, 1.000859948,
2049.407200304, 1.000590875,
2049.427631983, 1.000765231,
2049.448063862, 1.000815650,
2049.468495641, 1.000718433,
2049.488927421, 1.000598941,
2049.509359200, 1.000653334,
2049.529790980, 1.000741383,
2049.550222860, 1.000732382,
2049.570654541, 1.000885171,
2049.591086321, 1.000684256,
2049.611518202, 1.000774039,
2049.631949883, 1.000587673,
2049.672813546, 1.000670605,
2049.693245327, 1.000703964,
2049.713677109, 1.000484663,
2049.734108891, 1.000718999,
2049.754540574, 1.000758521,
2049.774972456, 1.000460383,
2049.795404239, 1.000569732,
2049.815835922, 1.000572545,
2049.836267805, 1.000638428,
2049.856699589, 1.000575372,
2049.877131272, 1.000779759,
2049.917994940, 1.000598218,
2049.938426825, 1.000614016,
2049.958858509, 1.000696315,
2049.979290294, 1.000583473,
2049.999722179, 1.000748753,
2050.020153864, 1.000655149,
2050.040585650, 1.000614834,
2050.061017536, 1.000630577,
2050.081449221, 1.000548268,
2050.101881108, 1.000674702,
2050.122312894, 1.000720991,
2050.163176467, 1.000694366,
2050.183608254, 1.000540737,
2050.204040042, 1.000496932,
2050.224471829, 1.000540885,
2050.244903617, 1.000557162,
2050.265335505, 1.000580688,
2050.285767193, 1.000525676,
2050.326630870, 1.000633531,
2050.347062659, 1.000625393,
2050.367494348, 1.000669502,
2050.408357927, 1.000596025,
2050.428789717, 1.000646384,
2050.449221607, 1.000676562,
2050.469653297, 1.000520403,
2050.490085187, 1.000560983,
2050.510516978, 1.000595539,
2050.530948669, 1.000639806,
2050.551380560, 1.000663662,
2050.571812352, 1.000697323,
2050.592244043, 1.000643276,
2050.612675935, 1.000715574,
2050.653539619, 1.000657111,
2050.673971312, 1.000630956,
2050.694403105, 1.000713885,
2050.714834998, 1.000746758,
2050.735266691, 1.000690889,
2050.755698484, 0.999603662,
2050.776130378, 0.999308388,
2050.796562072, 0.999225468,
2050.816993966, 0.999337515,
2050.837425761, 0.999544530,
2050.857857555, 1.000504928,
2050.919152941, 1.001145402,
2050.939584736, 1.000697262,
2050.960016532, 1.000786321,
2050.980448328, 1.001006412,
2051.000880224, 1.000709923,
2051.021311921, 1.000674812,
2051.041743817, 1.000523744,
2051.062175514, 1.000754139,
2051.082607312, 1.000455794,
2051.103039209, 1.000592898,
2051.143902705, 1.000687983,
2051.164334603, 1.000669971,
2051.184766301, 1.001010457,
2051.205198200, 1.000749234,
2051.225629999, 1.000865292,
2051.246061698, 1.000461375,
2051.266493597, 1.000456861,
2051.286925397, 1.000596985,
2051.307357096, 1.000732337,
2051.327788996, 1.000507757,
2051.348220797, 1.000786922,
2051.368652697, 1.000641897,
2051.389084398, 1.000494491,
2051.409516199, 1.000775524,
2051.429948100, 1.000720751,
2051.450379802, 1.000548128,
2051.470811603, 1.000685185,
2051.491243505, 1.000762229,
2051.511675308, 1.000563843,
2051.532107010, 1.000554503,
2051.552538913, 1.000689334,
2051.572970716, 1.000659566,
2051.593402519, 1.000514026,
2051.634266126, 1.000803970,
2051.654697929, 1.000835000,
2051.675129734, 1.000512494,
2051.695561538, 1.000506340,
2051.715993343, 1.000585710,
2051.736425147, 1.000705827,
2051.756857052, 1.000572284,
2051.777288758, 1.000689699,
2051.797720563, 1.000489665,
2051.818152469, 1.000618314,
2051.838584175, 1.000827820,
2051.879447888, 1.000652858,
2051.899879595, 1.000857661,
2051.920311502, 1.000670693,
2051.940743309, 1.000518619,
2051.961175016, 1.000746903,
2051.981606924, 1.000663291,
2052.002038732, 1.000549338,
2052.022470440, 1.000668546,
2052.042902349, 1.000735662,
2052.063334158, 1.000708095,
2052.083766067, 1.000628635,
2052.124629585, 1.000580342,
2052.145061495, 1.000647619,
2052.165493305, 1.000658412,
2052.185925015, 1.000638659,
2052.206356925, 1.000784443,
2052.226788736, 1.000635298,
2052.247220447, 1.000726522,
2052.288084170, 1.000666280,
2052.308516081, 1.000645633,
2052.328947793, 1.000708438,
2052.369811518, 1.000587876,
2052.390243230, 1.000703142,
2052.410675043, 1.000788489,
2052.431106856, 1.000636365,
2052.451538670, 1.000932445,
2052.471970583, 1.000717443,
2052.492402297, 1.000825126,
2052.512834111, 1.000812643,
2052.533266026, 1.000761881,
2052.553697740, 1.000800841,
2052.574129555, 1.000788888,
2052.614993186, 1.000785079,
2052.635425101, 1.000772154,
2052.655856917, 1.000845681,
2052.676288634, 1.000773352,
2052.696720550, 1.000812300,
2052.717152367, 1.000826691,
2052.737584183, 1.000857348,
2052.758016001, 1.000807614,
2052.778447818, 1.000846822,
2052.798879636, 1.000833067,
2052.819311453, 1.000888953,
2052.860175190, 1.000797205,
2052.880607009, 1.000929092,
2052.901038728, 1.000892634,
2052.921470647, 1.000976989,
2052.941902466, 1.000792984,
2052.962334186, 1.000821770,
2052.982766106, 1.000845816,
2053.003197926, 1.001112605,
2053.023629846, 1.000882409,
2053.044061567, 1.000806456,
2053.064493388, 1.000942355,
2053.146220674, 1.000697012,
2053.166652496, 1.000249796,
2053.187084419, 1.000211179,
2053.207516141, 0.999993743,
2053.227947964, 1.000049647,
2053.248379888, 1.000106458,
2053.268811611, 1.000315335,
2053.289243435, 1.000816895,
2053.309675359, 1.001070020,
2053.350539008, 1.000838785,
2053.370970832, 1.001005804,
2053.391402657, 1.001178142,
2053.411834483, 1.001299198,
2053.432266308, 1.001259452,
2053.452698134, 1.000854772,
2053.473129960, 1.000960580,
2053.493561786, 1.000872441,
2053.513993613, 1.000913819,
2053.534425540, 1.000981499,
2053.554857267, 1.000874350,
2053.595721022, 1.000854288,
2053.616152750, 1.000909284,
2053.636584678, 1.000821160,
2053.657016506, 1.001040674,
2053.677448235, 1.000998848,
2053.697880163, 1.000855898,
2053.718311993, 1.000931949,
2053.738743822, 1.001013095,
2053.759175652, 1.001005715,
2053.779607482, 1.000960200,
2053.800039312, 1.000983931,
2053.840902873, 1.000886167,
2053.861334804, 1.000904989,
2053.881766635, 1.000979127,
2053.902198567, 1.001071268,
2053.922630299, 1.001092379,
2053.943062131, 1.001048477,
2053.963494063, 1.000790845,
2053.983925795, 1.000923544,
2054.004357628, 1.000902186,
2054.024789561, 1.000852840,
2054.045221395, 1.001036011,
2054.086085062, 1.000953728,
2054.106516896, 1.000829228,
2054.126948731, 1.000916275,
2054.147380565, 1.000846066,
2054.167812400, 1.000854234,
2054.188244335, 1.001113565,
2054.208676071, 1.000998454,
2054.229107907, 1.001033415,
2054.249539843, 1.000968715,
2054.269971579, 1.000918780,
2054.290403515, 1.001019735,
2054.331267089, 1.001064699,
2054.351699027, 1.001193840,
2054.372130864, 1.001073982,
2054.392562602, 1.001100227,
2054.412994540, 1.001169983,
2054.433426378, 1.001101047,
2054.474290056, 1.001079975,
2054.494721795, 1.001171368,
2054.515153735, 1.001072236,
2054.535585574, 1.001170853,
2054.596881095, 1.001091352,
2054.617313036, 1.001208724,
2054.637744777, 1.001159092,
2054.658176618, 1.001195930,
2054.678608560, 1.001041671,
2054.699040302, 1.001055275,
2054.719472144, 1.001262555,
2054.739904086, 1.001158749,
2054.760335929, 1.001175547,
2054.780767772, 1.001104556,
2054.821631459, 1.001020444,
2054.842063302, 1.001150786,
2054.862495146, 1.001085131,
2054.882926991, 1.001120207,
2054.903358935, 1.001110528,
2054.923790680, 1.001256628,
2054.944222525, 1.001212002,
2054.964654471, 1.001117275,
2054.985086216, 1.001038721,
2055.005518162, 1.001316423,
2055.025950008, 1.001080263,
2055.087245449, 1.001012024,
2055.107677296, 1.001189754,
2055.128109243, 1.001352939,
2055.148540991, 1.001339673,
2055.168972939, 1.001103568,
2055.189404788, 1.000944889,
2055.209836536, 1.001407345,
2055.230268485, 1.001463503,
2055.250700335, 1.001362806,
2055.271132184, 1.001047453,
2055.291564034, 1.001202158,
2055.311995884, 1.001002693,
2055.332427834, 1.000936268,
2055.352859585, 1.001000964,
2055.373291436, 1.001066528,
2055.393723387, 1.000913306,
2055.414155238, 1.001025561,
2055.434586990, 1.001089249,
2055.455018942, 1.001030482,
2055.475450794, 1.001118146,
2055.495882647, 1.001198426,
2055.516314499, 1.000974265,
2055.557178306, 1.000914436,
2055.577610059, 1.001087196,
2055.598041913, 1.001006226,
2055.618473867, 1.001115503,
2055.638905622, 1.001060282,
2055.659337477, 1.001093291,
2055.679769432, 1.001101132,
2055.700201187, 1.000980302,
2055.720633143, 1.001228409,
2055.741064898, 1.001343765,
2055.761496755, 1.001036082,
2055.802360468, 1.001034895,
2055.822792325, 1.000980518,
2055.843224282, 1.001075375,
2055.863656039, 1.001016851,
2055.884087997, 1.001199960,
2055.904519855, 1.001044561,
2055.924951714, 1.001138052,
2055.945383572, 1.001070278,
2055.965815431, 1.000954087,
2055.986247291, 1.001033795,
2056.006679150, 1.001005418,
2056.067974830, 1.001027425,
2056.088406591, 1.000881377,
2056.108838552, 1.000826363,
2056.129270413, 1.000838741,
2056.149702174, 1.000797964,
2056.170134136, 1.000805039,
2056.190565998, 1.000971552,
2056.210997961, 1.001064875,
2056.231429723, 1.000907905,
2056.251861586, 1.001023745,
2056.272293549, 1.000923849,
2056.292725313, 1.001043735,
2056.313157177, 1.001232720,
2056.333589141, 1.001189211,
2056.354020905, 1.001106643,
2056.374452769, 1.001083933,
2056.394884634, 1.001052563,
2056.415316500, 1.001043650,
2056.435748465, 1.001007430,
2056.456180331, 1.001175110,
2056.476612097, 1.000991034,
2056.497044063, 1.001013190,
2056.537907697, 1.001090766,
2056.558339664, 1.001014732,
2056.578771531, 1.001001505,
2056.599203399, 1.001028346,
2056.619635267, 1.001160094,
2056.640067135, 1.001176970,
2056.660499004, 1.000847036,
2056.680930873, 1.001093773,
2056.701362742, 1.000971742,
2056.721794612, 1.000984404,
2056.742226481, 1.001059957,
2056.783090322, 1.001016487,
2056.803522092, 1.000861570,
2056.823954063, 1.001036906,
2056.844385934, 1.000944941,
2056.864817706, 1.001124399,
2056.885249678, 1.000853809,
2056.905681550, 1.001076090,
2056.926113522, 1.001124007,
2056.946545295, 1.001056251,
2056.966977168, 1.000963344,
2056.987409141, 1.000974682,
2057.028272789, 1.000851839,
2057.048704763, 1.000899192,
2057.069136537, 1.001102341,
2057.089568412, 1.000931030,
2057.110000287, 1.001052208,
2057.130432162, 1.001044136,
2057.150864138, 1.001081795,
2057.171295913, 1.001067021,
2057.191727790, 1.001204844,
2057.212159766, 1.001141035,
2057.232591643, 1.001048315,
2057.293887275, 1.000835071,
2057.314319153, 1.000760786,
2057.334751031, 1.000915307,
